{
  "max_evals": 500000,
  "acceptance_threshold": 1.0000e-08,
  "dimension": 30,
  "o": 1,
  "min_coordinate": -100,
  "max_coordinate": 100,
  "min_rand_optima_pos": -80,
  "max_rand_optima_pos": 80,
  "min_exclusive_range": -60,
  "max_exclusive_range": 60,
  "component_positioning_method": 2,
  "component_minimum_position": [
    6.9582, -53.757, -12.49, 26.772, -18.473,
    -74.379, 53.245, 60.804, -26.611, 53.884,
    -15.796, 19.85, -55.882, 6.2788, -67.754,
    69.296, 13.75, -64.364, -57.615, 70.553,
    -23.938, 49.114, 72.112, 21.871, 1.7845,
    77.031, 77.546, 16.418, -58.996, -26.251
  ],
  "min_sigma": -1200,
  "max_sigma": 0,
  "component_sigma": -118.08,
  "h_pattern": 1,
  "h_value": 1,
  "component_h": [
    1, 1, 1, 1, 1,
    1, 1, 1, 1, 1,
    1, 1, 1, 1, 1,
    1, 1, 1, 1, 1,
    1, 1, 1, 1, 1,
    1, 1, 1, 1, 1
  ],
  "max_mu": 0.2000,
  "min_mu": 0.2000,
  "max_omega": 20,
  "min_omega": 20,
  "local_modality_symmetry": 2,
  "mu": [
    0.2, 0.5
  ],
  "omega": [
    20, 50, 10, 25
  ],
  "max_lambda": 1,
  "min_lambda": 1,
  "lambda_config_method": 1,
  "lambda_value_4_all": 1,
  "lambda": 1,
  "min_angle": -3.1416,
  "max_angle": 3.1416,
  "rotation": 1,
  "rotation_matrix": [
    [-2.1552e-08, 1.6109e-07, -1.1951e-06, 5.7669e-07, -1.1029e-05, 0.00010683, 7.965e-05, -0.0021991, -0.0087382, 0.0085096, -0.019474, -0.078518, -0.078077, 0.056337, -0.014397, -0.091057, 0.12109, 0.058673, 0.066754, 0.022081, -0.64553, -0.19136, -0.32611, 0.29962, -0.29212, -0.10791, 0.2505, 0.30526, -0.21056, 0.076072],
    [-2.1298e-08, 1.4281e-07, -1.1514e-06, 5.9137e-07, -7.2924e-06, 6.2849e-05, -1.7855e-05, -0.002661, -0.010204, 0.0095133, -0.039663, -0.10832, -0.080149, 0.11014, -0.044307, -0.22984, 0.24313, 0.18298, 0.28738, 0.29063, 0.0027811, -0.21454, 0.014929, -0.40127, -0.15384, -0.036407, 0.35835, -0.50158, 0.10524, 0.17368],
    [2.5193e-08, -1.7217e-07, 1.4065e-06, -6.7427e-07, 8.5015e-06, -5.9911e-05, -0.00018723, -0.0019101, -0.0069664, 0.0077123, -0.0026842, -0.047462, -0.06064, 0.0093875, 0.045679, 0.016515, -0.019497, 0.014221, -0.092148, 0.20649, 0.45496, -0.012111, -0.13695, 0.301, -0.1297, -0.14997, -0.0093183, 0.13925, -0.0058534, 0.75132],
    [5.6279e-08, -4.4203e-07, 3.2479e-06, -1.5146e-06, 2.9849e-05, -0.0002643, -0.00044172, 4.2674e-05, 0.0013967, -0.0011505, -0.00066123, 0.010224, 0.014997, 0.0049136, -0.010236, 0.022382, 0.23321, -0.25372, -0.041319, 0.083157, 0.17034, -0.43524, -0.17769, -0.49597, -0.025435, 0.27315, -0.09364, 0.53804, 0.045236, -0.0093759],
    [7.4547e-08, -9.4474e-07, 5.3595e-06, -2.0664e-06, 9.4534e-05, -0.00085545, -0.0014918, -0.0019226, -0.0025608, 0.0037102, 0.013185, -0.0011108, -0.029549, -0.050567, 0.048118, 0.0088483, -0.48031, 0.38412, -0.1217, 0.21138, 0.18884, -0.362, -0.20378, 0.10392, 0.085111, -0.17429, 0.24147, 0.12542, 0.33723, -0.3344],
    [1.9726e-07, -2.0002e-06, 1.284e-05, -5.4999e-06, 0.00016716, -0.0014225, -0.0024166, -0.0024106, -0.0017954, 0.0034573, -0.0031934, -0.0084799, -0.011894, 0.012651, -0.0085066, -0.024076, 0.093721, -0.059074, -0.052647, 0.14845, -0.16996, -0.32483, -0.25167, 0.35636, 0.3956, 0.4931, -0.28413, -0.35057, 0.15813, 0.094056],
    [-1.1235e-07, -7.729e-07, -9.7853e-07, 2.1278e-06, 0.00016108, -0.0010835, -0.0014755, -0.00083289, 0.0037168, -0.0026724, 0.0085732, 0.033856, 0.026207, -0.031075, -0.0099451, 0.046597, 0.10522, -0.20894, -0.23609, 0.19495, -0.058208, -0.20027, -0.16906, -0.14342, 0.35636, -0.66038, -0.18864, -0.17982, -0.34596, -0.054882],
    [-2.3606e-06, 2.4845e-05, -0.00015627, 6.6055e-05, -0.0021399, 0.018338, 0.030793, 0.023358, -0.0069719, -0.012159, -0.037263, -0.15966, -0.060079, 0.085078, 0.22647, 0.076339, 0.17976, 0.12392, 0.36274, 0.036991, 0.16531, 0.24173, -0.1467, 0.055244, 0.59849, 0.088113, 0.3651, 0.22028, -0.24723, -0.05721],
    [-6.9574e-07, 7.905e-06, -4.8367e-05, 2.0153e-05, -0.00068857, 0.005624, 0.0093618, 0.0083507, 0.0018728, -0.0074089, 0.016907, 0.0067989, 0.0013965, -0.046524, 0.078452, 0.20118, -0.19559, -0.049457, -0.0055731, -0.60798, -0.21907, -0.063099, -0.21162, -0.27938, 0.23772, -0.12395, 0.16831, -0.077442, 0.32176, 0.39461],
    [-4.1445e-07, 3.7159e-06, -3.3278e-05, 1.9629e-05, 0.00014344, -0.0049247, -0.0086355, 0.00024808, 0.02498, -0.019039, 0.024434, 0.22477, 0.28694, -0.051342, 0.019609, 0.13793, 0.12548, -0.3407, 0.43829, -0.26424, 0.31663, -0.26357, -0.17874, 0.30428, -0.21735, -0.12611, 0.1333, -0.17586, -0.0074639, -0.2086],
    [1.6299e-07, 1.3567e-05, -3.1058e-05, -4.7015e-06, -0.0023533, 0.022326, 0.036336, 0.036458, 0.013171, -0.035683, 0.008016, 0.026343, 0.16166, -0.020102, 0.29507, 0.25966, -0.14809, 0.2481, 0.19799, 0.16062, -0.033643, 0.27151, -0.53997, -0.24676, -0.25659, 0.070789, -0.37409, -0.11826, -0.11143, -0.025036],
    [-8.0475e-06, 7.0743e-05, -0.00052122, 0.00026602, -0.0032867, 0.016925, 0.027719, 0.017449, -0.022626, 0.00029339, -0.062994, -0.28962, -0.26436, 0.15929, 0.072158, -0.08514, 0.40467, -0.027758, 0.10083, -0.055068, 0.029992, 0.17592, -0.12309, 0.11599, -0.031369, -0.31758, -0.29537, 0.099863, 0.57801, -0.1767],
    [1.262e-05, -0.00010201, 0.00078499, -0.00040255, 0.004264, -0.019737, -0.033755, -0.028406, -0.011804, 0.036862, -0.0037374, 0.018736, -0.041626, 0.096207, -0.32334, -0.40754, -0.026066, 0.46328, 0.23069, -0.40537, 0.15832, -0.18927, -0.063737, -0.020882, 0.079426, -0.055186, -0.36183, 0.069009, -0.26379, 0.036102],
    [-1.7159e-05, 0.00034406, -0.0020055, 0.0010364, -0.016921, -0.0018517, -0.053764, 0.019009, -0.11828, 0.090493, 0.069303, -0.10805, -0.316, 0.44264, -0.18639, 0.19573, 0.067905, -0.025929, -0.42051, -0.22026, 0.23326, 0.070521, -0.31354, -0.0039532, -0.1564, 0.1533, 0.2022, -0.20461, -0.19861, -0.17456],
    [-0.00017915, 0.0018153, -0.012987, 0.0070054, -0.066161, 0.085022, 0.050808, 0.20756, -0.018755, -0.22164, -0.13185, 0.22509, 0.4835, 0.502, -0.43577, -0.012954, -0.021439, -0.010517, -0.0036327, 0.16288, -0.077011, 0.18853, -0.088148, -0.01448, 0.12169, -0.049155, 0.05533, 0.10805, 0.1914, 0.06311],
    [-9.5314e-05, 0.00028242, -0.0040921, 0.0028691, 0.027999, -0.12594, -0.1106, -0.20578, 0.21163, -0.064175, -0.45209, -0.026871, -0.097508, -0.33913, -0.26794, -0.36511, -0.158, -0.27809, -0.032301, 0.029538, 0.073498, 0.27711, -0.3658, -0.053258, 0.012689, 0.059107, 0.11694, -0.03554, 0.022169, -0.054668],
    [9.6303e-05, -0.0018647, 0.010974, -0.0063756, 0.075321, -0.0053947, 0.24863, -0.20722, 0.43891, -0.21494, -0.25882, 0.021019, 0.25706, -0.1208, 0.091621, 0.14923, 0.41411, 0.37255, -0.3432, -0.14967, 0.058603, -0.064737, 0.032462, 0.045989, -0.04092, 0.018116, 0.082274, -0.03406, -0.0074534, -0.022854],
    [0.00019086, -0.0011647, 0.010568, -0.0060873, 0.011307, 0.031177, -0.016931, 0.067028, -0.19199, 0.19656, 0.53195, 0.2782, 0.20672, -0.31823, -0.0032322, -0.33663, 0.29224, 0.10885, -0.23487, -0.017858, 0.037394, 0.22546, -0.23601, -0.010009, 0.041487, 0.015128, 0.15094, 0.010109, 0.12134, -0.021167],
    [-0.00039406, 0.0052946, -0.034834, 0.020832, -0.15209, 0.047072, -0.26136, 0.56606, -0.3274, -0.22503, -0.40351, -0.04999, 0.10297, -0.10334, 0.3383, -0.20714, 0.067735, 0.044898, -0.18991, -0.13926, 0.053368, -0.07398, 0.021555, 0.018392, -0.051437, 0.027617, 0.022453, -0.047612, -0.066419, -0.026199],
    [-1.5146e-05, 0.0010762, -0.0056027, 0.0044973, -0.0039739, 0.046688, 0.11, 0.33324, 0.21732, -0.32928, 0.048969, 0.59019, -0.56921, -0.098494, -0.074595, 0.09623, 0.066321, 0.052506, 0.092449, 0.047846, -0.012895, 0.02505, -0.014455, -0.0050972, 0.015085, -0.0062355, -0.0035497, 0.011763, 0.014556, 0.0072249],
    [0.0025304, -0.0021645, 0.073617, -0.047989, -0.13405, 0.038642, 0.60373, 0.068746, 0.20709, -0.086199, 0.13417, -0.051256, 0.0087335, 0.26241, 0.35706, -0.4652, -0.21466, -0.22978, -0.068548, -0.075727, 0.036725, -0.010673, -0.039581, -0.0098136, -0.030158, 0.028138, 0.0055013, -0.036742, -0.061838, -0.021383],
    [-0.0013005, 0.00068417, -0.036649, 0.022271, 0.072636, -0.21693, -0.37895, -0.34471, 0.057348, 0.18043, -0.15528, 0.49441, -0.030894, 0.39484, 0.42158, -0.1793, 0.018649, 0.013195, -0.050751, -0.0016258, -0.038175, 0.012491, 0.037989, -0.0070967, 0.030509, -0.025275, -0.01139, 0.033901, 0.052764, 0.021002],
    [-0.013179, 0.016064, -0.35808, 0.20259, 0.022242, -0.4957, -0.091477, 0.45942, 0.47254, 0.32143, 0.10435, -0.1351, 0.080374, 0.031612, -0.030292, 0.017387, -0.0075593, -0.0032224, 0.001265, 0.0065394, -0.0038385, 0.00074905, 0.0042596, 0.0005843, 0.0028521, -0.0026483, -0.00064562, 0.003496, 0.0058317, 0.0020327],
    [0.022261, -0.0054275, 0.44539, -0.23138, -0.099463, 0.48056, -0.1603, 0.2335, 0.37343, 0.51645, -0.13641, 0.03432, 0.0096794, 0.010004, -0.0060383, 0.012849, 0.00074367, 0.003471, -0.00056074, 0.0049098, -0.0044201, 0.0010612, 0.004821, 0.00027575, 0.0034305, -0.0030958, -0.00089108, 0.0040695, 0.0066732, 0.0024333],
    [-0.029518, -0.03597, 0.50262, -0.37203, -0.22335, -0.65407, 0.19334, 0.066094, -0.19106, 0.098478, -0.10445, 0.068754, -0.00054828, -0.042057, -0.066729, 0.10769, 0.052329, 0.056716, 0.015036, 0.020229, -0.012398, 0.0040417, 0.01261, 0.0018346, 0.010107, -0.0090867, -0.0024745, 0.012022, 0.019805, 0.0070554],
    [-0.035161, -0.032871, 0.34006, -0.25094, 0.47124, -0.10446, -0.38435, 0.090346, 0.23302, -0.44489, 0.32154, -0.21098, 0.06286, 0.083512, 0.055059, -0.094924, -0.05371, -0.055726, -0.0137, -0.015821, 0.0096048, -0.0033075, -0.0096996, -0.0015231, -0.0079584, 0.0071545, 0.0019563, -0.0094568, -0.015582, -0.0055517],
    [-0.53104, -0.18266, -0.43054, -0.62736, -0.26975, 0.073199, -0.10055, -0.061283, 0.080863, -0.052908, 0.062008, -0.021133, -0.0021739, -0.0047275, 0.001497, -7.2375e-05, 0.0042352, 0.0032481, 0.00046159, -0.00057722, 0.00038395, -4.5125e-05, -0.00042484, -1.8804e-05, -0.00025656, 0.00023245, 5.7999e-05, -0.00031114, -0.00051341, -0.00018114],
    [-0.15658, -0.087453, -0.14068, -0.21645, 0.76582, 0.0254, 0.31275, 0.16366, -0.22091, 0.26592, -0.24476, 0.09809, -0.009321, 0.0049533, -0.00062238, -0.0042046, -0.013304, -0.010876, -0.0019872, 0.00049802, -0.00041904, -6.6736e-05, 0.00051469, -4.2614e-05, 0.00019894, -0.00018349, -3.9439e-05, 0.00025021, 0.00041292, 0.00014515],
    [-0.5832, 0.78502, 0.13392, 0.15683, 0.026002, -0.0023557, 0.013951, 1.9531e-05, -0.010988, 0.0056441, -0.006634, 0.0035522, -0.00051427, -0.00026807, -0.00011733, 0.00014832, -7.6363e-05, -3.4982e-05, -3.8577e-06, 3.8965e-05, -2.8245e-05, 5.1782e-06, 3.1459e-05, 2.4896e-06, 2.0797e-05, -1.8782e-05, -4.7804e-06, 2.5075e-05, 4.1373e-05, 1.4605e-05],
    [-0.59209, -0.58312, 0.27133, 0.48541, -0.0078711, -0.0015233, 0.0065539, 0.0021815, -0.0031187, 0.0048411, -0.0042694, 0.0016652, -0.00016834, 9.7094e-05, 4.0782e-06, -9.9228e-05, -0.00024844, -0.00020633, -3.8623e-05, 4.2797e-06, -4.506e-06, -2.03e-06, 6.0358e-06, -1.1797e-06, 1.1756e-06, -1.1373e-06, -1.4435e-07, 1.6233e-06, 2.6797e-06, 9.3371e-07]
  ],
  "min_con_prob": 1,
  "max_con_prob": 1,
  "connection_probability": 1,
  "theta_matrix": [
    [0, 0.77947, -0.69363, -0.95994, -0.82617, -1.0961, 0.4689, -1.6757, -0.28513, -0.16601, 0.064896, -1.2681, -2.1597, 0.84659, -1.698, -0.4856, -2.7009, -0.70179, 0.92713, -3.1109, -1.7632, -2.6744, 1.7865, -1.0259, -2.2935, 2.4124, -1.6699, -0.28539, -0.80913, -0.63365],
    [0, 0, 2.7329, -1.1445, -1.4523, -3.076, -1.7218, -0.50089, 0.28928, 2.8362, -1.4303, 0.20345, -2.7891, 1.4456, -2.4616, 1.2954, 2.1673, 0.52417, -2.4341, -2.6598, 1.9219, -0.14911, -3.0864, -2.0423, 1.9282, -2.811, -2.7139, -0.65057, 1.4948, -0.80898],
    [0, 0, 0, -0.70883, 2.8246, -0.99439, 2.1843, 3.1128, -1.2464, 1.5204, 3.0022, 0.70591, 0.2938, -1.8925, 2.6153, -2.1466, -2.0052, -3.0467, -2.3056, -2.2011, 2.439, -0.91811, 1.6566, 0.95263, -1.67, -3.1375, 0.4204, -1.1957, -2.2603, 2.632],
    [0, 0, 0, 0, -0.75025, 2.2092, -0.62122, -2.9033, -0.30964, 0.52668, 1.205, -1.5172, -0.58178, 2.9956, 1.78, -2.033, 1.3428, -3.0897, 0.34483, 2.6814, -1.6977, -0.70678, -0.61493, 2.4891, -1.1746, 1.9179, 0.19575, -2.7254, -0.15738, -1.5442],
    [0, 0, 0, 0, 0, 2.4722, -2.303, 0.67274, -1.3674, -2.6521, 2.6027, -2.8145, 2.9156, -0.21176, 1.4289, 1.1808, 2.6555, 1.5273, 1.5091, 0.76246, 3.0378, -1.4699, -1.9818, -2.4396, -2.3006, -0.19551, 2.5053, 1.0126, 1.3328, 2.4851],
    [0, 0, 0, 0, 0, 0, -0.66683, -0.36023, 1.9479, -0.77153, 1.9674, 1.7758, 0.38106, 1.4377, -0.55079, -0.86983, 2.2167, -1.0703, 2.2951, 1.4283, 1.5897, 1.9993, 0.57309, 0.56645, 0.39254, 2.2961, -1.0873, 2.2229, 0.056299, -2.9919],
    [0, 0, 0, 0, 0, 0, 0, -2.5817, 1.3223, 1.0024, 1.4247, -1.8048, 0.94326, 2.8509, -0.2886, 1.2452, 0.13044, 0.16563, -0.28909, 2.4817, -0.95932, 2.4084, 1.5913, -0.71104, 2.7372, -0.28676, 1.8693, 2.2368, 0.33056, -2.4355],
    [0, 0, 0, 0, 0, 0, 0, 0, -0.67332, 1.5001, 1.4208, -0.94411, 3.0615, -1.3592, -2.3927, 1.8911, 1.1819, 1.8711, 2.8789, 0.24463, 1.208, -0.24604, -2.6439, -1.1904, 2.5937, -2.8554, -0.82988, -1.6749, 0.52484, 0.28778],
    [0, 0, 0, 0, 0, 0, 0, 0, 0, 0.21744, 2.6547, 1.8804, 3.0045, 0.46431, 0.11326, -2.8964, -0.63509, 2.5411, 0.078005, 1.7611, -0.10895, -0.86373, 1.9092, -1.9467, -2.098, -2.3852, 1.5376, -2.2049, 1.2639, -0.43693],
    [0, 0, 0, 0, 0, 0, 0, 0, 0, 0, -1.4574, 2.8558, -0.88182, 1.6128, -0.6108, 0.53309, 1.0258, 0.30555, 2.8987, -1.5405, -1.323, -1.2359, -2.2788, -2.0863, -0.22706, -1.1847, 1.4917, 2.0591, 0.91583, 0.81099],
    [0, 0, 0, 0, 0, 0, 0, 0, 0, 0, 0, 1.9643, -2.8168, -2.6323, 1.7164, 0.059878, 1.6568, 0.45412, -0.43134, -2.2983, 1.1153, -0.27959, -0.49019, -0.50702, -0.60709, 0.35925, 1.2115, -3.0659, -0.73301, -1.1897],
    [0, 0, 0, 0, 0, 0, 0, 0, 0, 0, 0, 0, 3.0963, -2.4692, -1.0722, -2.1993, 1.1694, -0.15225, 1.0533, -0.15219, 1.975, 0.64986, -0.62753, 1.9863, 0.73138, -1.4885, -0.51684, 2.4929, -2.3231, 1.3397],
    [0, 0, 0, 0, 0, 0, 0, 0, 0, 0, 0, 0, 0, 1.2569, -2.8223, 2.7063, -2.7747, 1.2294, -0.76775, -0.67059, 1.1867, -2.287, 1.6878, -1.7374, 1.9335, -0.23265, 1.2601, -2.6693, -2.1939, -0.4441],
    [0, 0, 0, 0, 0, 0, 0, 0, 0, 0, 0, 0, 0, 0, 0.64739, 2.2767, 2.6517, -1.8993, 2.8189, 0.48645, -1.6999, -0.65762, -1.2885, -1.11, 2.525, -2.2566, 0.99665, -1.4794, 0.88257, 0.278],
    [0, 0, 0, 0, 0, 0, 0, 0, 0, 0, 0, 0, 0, 0, 0, -1.1519, 2.6391, 2.4109, -0.20427, -1.5647, 1.9969, -0.39191, 0.27378, 2.2442, -1.6393, -1.81, -0.28033, -0.98325, 2.5763, 0.011987],
    [0, 0, 0, 0, 0, 0, 0, 0, 0, 0, 0, 0, 0, 0, 0, 0, 2.9172, -2.689, -0.38729, -1.3535, 1.9026, 2.5923, -2.5435, -1.3971, 2.5277, 0.028701, 1.9206, -2.3396, -1.1078, -2.8456],
    [0, 0, 0, 0, 0, 0, 0, 0, 0, 0, 0, 0, 0, 0, 0, 0, 0, -1.9795, -0.49955, 1.3378, 1.9503, 2.6853, -0.85186, -1.5667, 1.1631, 0.70205, -1.8334, -0.2635, -2.8971, 0.86872],
    [0, 0, 0, 0, 0, 0, 0, 0, 0, 0, 0, 0, 0, 0, 0, 0, 0, 0, 0.52555, 2.531, -0.72439, 2.4349, -0.26963, -0.5839, -0.86343, -0.9312, 1.3132, 2.1061, -2.9684, 1.3802],
    [0, 0, 0, 0, 0, 0, 0, 0, 0, 0, 0, 0, 0, 0, 0, 0, 0, 0, 0, 1.8507, -0.71153, -0.035463, 1.5782, 0.56557, -0.20161, 2.7276, 1.4631, 3.1029, 1.0152, 1.3249],
    [0, 0, 0, 0, 0, 0, 0, 0, 0, 0, 0, 0, 0, 0, 0, 0, 0, 0, 0, 0, 0.58119, 0.8067, 1.6725, 0.0033535, -1.9003, 1.9039, 2.5089, -1.435, 2.9297, -0.45732],
    [0, 0, 0, 0, 0, 0, 0, 0, 0, 0, 0, 0, 0, 0, 0, 0, 0, 0, 0, 0, 0, -0.12765, -2.291, 2.9115, 2.2575, -2.7787, 0.86297, -1.4323, 3.0711, 2.5969],
    [0, 0, 0, 0, 0, 0, 0, 0, 0, 0, 0, 0, 0, 0, 0, 0, 0, 0, 0, 0, 0, 0, -2.7294, -2.6219, 1.7025, -0.37697, 1.0515, -1.1504, 2.6236, -0.27642],
    [0, 0, 0, 0, 0, 0, 0, 0, 0, 0, 0, 0, 0, 0, 0, 0, 0, 0, 0, 0, 0, 0, 0, -1.0317, -1.407, 0.95475, 0.02752, -1.9403, 0.95512, 1.0037],
    [0, 0, 0, 0, 0, 0, 0, 0, 0, 0, 0, 0, 0, 0, 0, 0, 0, 0, 0, 0, 0, 0, 0, 0, -1.9126, -2.5416, 2.0071, 2.1458, 1.7489, -2.8297],
    [0, 0, 0, 0, 0, 0, 0, 0, 0, 0, 0, 0, 0, 0, 0, 0, 0, 0, 0, 0, 0, 0, 0, 0, 0, 0.58847, -2.2303, 1.4465, -0.69651, -2.8144],
    [0, 0, 0, 0, 0, 0, 0, 0, 0, 0, 0, 0, 0, 0, 0, 0, 0, 0, 0, 0, 0, 0, 0, 0, 0, 0, -1.1502, -1.0386, 2.7353, -2.8071],
    [0, 0, 0, 0, 0, 0, 0, 0, 0, 0, 0, 0, 0, 0, 0, 0, 0, 0, 0, 0, 0, 0, 0, 0, 0, 0, 0, 2.7661, 1.6412, 0.044125],
    [0, 0, 0, 0, 0, 0, 0, 0, 0, 0, 0, 0, 0, 0, 0, 0, 0, 0, 0, 0, 0, 0, 0, 0, 0, 0, 0, 0, 3.0277, -2.622],
    [0, 0, 0, 0, 0, 0, 0, 0, 0, 0, 0, 0, 0, 0, 0, 0, 0, 0, 0, 0, 0, 0, 0, 0, 0, 0, 0, 0, 0, 1.2355],
    [0, 0, 0, 0, 0, 0, 0, 0, 0, 0, 0, 0, 0, 0, 0, 0, 0, 0, 0, 0, 0, 0, 0, 0, 0, 0, 0, 0, 0, 0]
  ],
  "optimum_value": -118.08,
  "optimum_position": [
    6.9582, -53.757, -12.49, 26.772, -18.473,
    -74.379, 53.245, 60.804, -26.611, 53.884,
    -15.796, 19.85, -55.882, 6.2788, -67.754,
    69.296, 13.75, -64.364, -57.615, 70.553,
    -23.938, 49.114, 72.112, 21.871, 1.7845,
    77.031, 77.546, 16.418, -58.996, -26.251
  ],
  "fe_history": [],
  "fe": 0,
  "acceptance_reach_point": "Infinity",
  "best_found_result": "Infinity"
}