{
  "max_evals": 500000,
  "acceptance_threshold": 1.0000e-08,
  "dimension": 30,
  "o": 1,
  "min_coordinate": -100,
  "max_coordinate": 100,
  "min_rand_optima_pos": -80,
  "max_rand_optima_pos": 80,
  "min_exclusive_range": -60,
  "max_exclusive_range": 60,
  "component_positioning_method": 2,
  "component_minimum_position": [
    -23.086, -63.317, -77.989, 40.49, 24.78,
    72.129, 70.775, -66.682, 74.353, 0.076596,
    -68.46, 73.889, -25.209, -56.938, 46.63,
    -46.531, -7.9654, 6.9984, -28.732, -13.053,
    45.107, -7.9897, -16.28, 48.033, 68.938,
    9.0118, -47.085, -43.752, 30.193, -15.859
  ],
  "min_sigma": -1200,
  "max_sigma": 0,
  "component_sigma": -216.73,
  "h_pattern": 1,
  "h_value": 1,
  "component_h": [
    1, 1, 1, 1, 1,
    1, 1, 1, 1, 1,
    1, 1, 1, 1, 1,
    1, 1, 1, 1, 1,
    1, 1, 1, 1, 1,
    1, 1, 1, 1, 1
  ],
  "max_mu": 1,
  "min_mu": 1,
  "max_omega": 50,
  "min_omega": 50,
  "local_modality_symmetry": 2,
  "mu": [
    1, 1
  ],
  "omega": [
    50, 50, 50, 50
  ],
  "max_lambda": 1,
  "min_lambda": 1,
  "lambda_config_method": 1,
  "lambda_value_4_all": 1,
  "lambda": 1,
  "min_angle": -3.1416,
  "max_angle": 3.1416,
  "rotation": 7,
  "rotation_matrix": [
    [-1.4843e-05, -1.3805e-06, -7.8229e-06, -0.00041285, 0.00031094, 0.00011743, 0.0040078, -0.0099846, 0.011064, 0.0042373, -0.04557, -0.033491, 0.048621, -0.027413, -0.10236, -0.0030349, 0.17737, 0.091209, -0.086758, 0.083264, -0.049894, 0.22121, 0.020146, 0.28173, 0.7433, -0.079957, -0.22759, -0.043051, 0.022822, -0.42948],
    [-2.1833e-05, -1.9367e-06, -2.7031e-05, -0.00040453, 0.00026178, 9.7272e-05, 0.0019719, -0.0046258, 0.0059731, 0.0035008, -0.022842, -0.025842, 0.039392, -0.037606, -0.00072789, -0.072102, 0.11105, -0.013629, -0.28097, 0.29532, 0.18135, 0.25491, -0.11224, -0.057529, -0.14918, 0.12583, -0.0085057, -0.14463, 0.79923, 0.016368],
    [-1.4287e-05, -9.3959e-07, -6.3472e-05, 0.00027745, -0.0003704, -0.00015256, -0.01074, 0.027038, -0.029613, -0.0077108, 0.087825, 0.046962, -0.051503, 0.041786, 0.22237, 0.11066, -0.22321, -0.15415, 0.090491, 0.102, 0.047865, -0.51019, -0.02283, -0.24208, -0.045084, -0.15523, -0.041949, -0.26915, 0.15247, -0.62027],
    [-2.0098e-05, -1.6709e-06, -4.1823e-05, -0.00016151, 3.4078e-05, 8.4333e-06, -0.0023179, 0.0063691, -0.004765, -0.00017471, -0.0061959, -0.021454, 0.0068883, -0.0024818, -0.019187, 0.020609, -0.13085, 0.033169, -0.062531, -0.035576, -0.0034608, 0.15027, 0.63355, 0.19832, -0.14184, -0.59305, 0.28882, 0.14601, 0.16485, -0.090255],
    [7.4069e-05, 6.4601e-06, 0.00010237, 0.0012834, -0.00078542, -0.00028373, -0.0032756, 0.0079041, -0.0097755, -0.006801, 0.069623, 0.058014, 0.0062978, 0.013585, 0.18955, -0.17459, 0.11545, -0.1436, -0.062521, -0.14701, 0.33551, 0.21153, 0.15957, -0.0086582, -0.31448, 0.12506, -0.52369, 0.4191, -0.12071, -0.3219],
    [-0.00038977, -3.3599e-05, -0.00056096, -0.0067591, 0.0040383, 0.0014118, 0.0040262, -0.016142, 5.6852e-05, 0.033764, -0.055616, -0.032904, 0.13314, -0.10886, -0.03859, -0.10762, -0.16539, -0.045726, -0.28108, 0.27718, -0.070706, 0.33698, 0.021583, -0.052628, -0.17705, 0.31574, 0.44305, -0.1305, -0.38932, -0.38561],
    [-0.00041013, -3.5383e-05, -0.00056417, -0.0075956, 0.0046677, 0.001627, 0.0081908, -0.03038, 0.002865, 0.0375, -0.042534, 0.040217, 0.15222, -0.053158, -0.12218, 0.05291, -0.16087, 0.22792, -0.32732, 0.030363, -0.28848, -0.38885, 0.12919, 0.55761, -0.2501, 0.24307, -0.27594, -0.048903, 0.045604, -0.013513],
    [0.0010109, 8.6473e-05, 0.0014842, 0.017695, -0.010448, -0.0035763, 0.0021254, 0.018751, 0.04864, -0.078961, -0.055312, -0.16958, -0.15497, 0.099323, -0.13305, 0.024094, 0.10485, 0.11091, 0.42028, -0.51871, -0.07569, 0.19867, 0.15032, 0.13601, -0.16991, 0.32093, 0.088944, -0.3483, 0.17946, -0.24093],
    [0.0017099, 0.00014506, 0.0026253, 0.029003, -0.016585, -0.0055551, 0.022367, -0.017486, 0.10716, -0.12726, 0.071652, -0.095126, 0.34109, 0.052396, 0.6186, -0.2378, 0.36749, -0.038315, -0.23133, -0.26651, 0.020517, -0.14964, 0.023873, 0.1311, 0.08103, -0.0072045, 0.22666, -0.17785, -0.030406, 0.075449],
    [-0.00059282, -5.0522e-05, -0.0008826, -0.010344, 0.0060527, 0.0020527, -0.0018724, -0.0089347, -0.026346, 0.047196, -0.016659, 0.050207, 0.027547, -0.068939, 0.0029512, 0.031605, -0.038311, -0.12928, 0.16445, -0.12472, 0.029337, -0.1452, -0.37286, 0.33285, 0.037414, 0.11177, 0.43507, 0.59848, 0.22419, -0.20828],
    [0.0004269, 3.5929e-05, 0.00066397, 0.0074195, -0.0042131, -0.0013848, -5.0317e-05, 0.0067137, 0.016419, -0.030167, -0.0054786, -0.029932, -0.20621, 0.065379, -0.17458, -0.2167, -0.13583, 0.079154, -0.2055, -0.18727, 0.40159, 0.054014, -0.47249, 0.30926, -0.16099, -0.39617, -0.0016521, -0.27998, -0.1604, -0.03817],
    [0.0018919, 0.00015999, 0.0027854, 0.035137, -0.02078, -0.0069003, -0.012351, 0.084177, 0.067507, -0.15499, -0.26157, -0.67186, -0.10926, -0.08005, -0.077226, 0.34557, 0.19647, 0.076118, -0.12313, 0.12475, 0.35983, -0.2296, 0.097873, -0.02305, -0.0060555, 0.074583, 0.056516, 0.1132, -0.099089, -0.0082176],
    [6.5888e-05, 1.3662e-05, -0.00041572, 0.0021517, -0.0035769, -0.0020574, -0.05389, 0.13929, -0.11483, -0.032254, 0.049176, -0.063503, -0.094917, 0.36874, -0.092382, 0.12106, 0.52511, 0.057769, -0.11318, 0.10655, -0.48056, 0.050627, -0.23121, -0.071359, -0.2881, -0.25025, -0.010587, 0.10648, -0.053148, -0.18341],
    [0.0016912, 0.00014802, 0.0022486, 0.030386, -0.019011, -0.006859, -0.032536, 0.11874, -0.019068, -0.15817, 0.28444, 0.03828, -0.47051, 0.51343, 0.049343, -0.2221, -0.153, 0.2357, -0.22133, 0.045384, 0.085604, -0.1112, 0.17558, -0.03509, 0.20429, 0.26095, 0.15413, 0.14659, 0.031738, 0.034114],
    [-0.00025359, -2.5016e-05, 2.5887e-05, -0.008641, 0.0070089, 0.0027192, 0.082186, -0.21958, 0.16668, 0.060201, -0.064999, 0.34134, 0.20011, -0.074597, -0.32533, -0.066302, 0.27764, 0.52275, -0.090664, -0.15674, 0.21791, -0.21313, 0.055475, -0.33173, -0.014371, -0.0097493, 0.13807, 0.086215, 0.0042506, -0.14466],
    [-0.0020856, -0.00016693, -0.0039839, -0.031651, 0.014403, 0.0037854, -0.069262, 0.18168, -0.16679, 0.076798, -0.10742, -0.31962, 0.33556, 0.16334, -0.37365, -0.35258, -0.19796, -0.26233, -0.21902, -0.33601, -0.12901, -0.11301, 0.012818, -0.27822, 0.11649, -0.015024, -0.047608, 0.086081, 0.10437, -0.0098711],
    [-0.006638, -0.00067249, -0.0058327, -0.075202, 0.060205, 0.031701, -0.12487, 0.25852, -0.49787, 0.082376, 0.16808, 0.32215, -0.01377, -0.074442, -0.1204, 0.41567, 0.1964, -0.2295, -0.24981, -0.2169, 0.23562, -0.02339, 0.11505, 0.053076, 0.06346, 0.11492, 0.11381, -0.14277, -0.04189, 0.048715],
    [-0.0018957, -0.00020664, -0.0011039, -0.016452, 0.016496, 0.010372, 0.004854, 0.01923, -0.0059581, -0.066814, -0.025422, 0.10083, 0.4155, 0.51435, -0.21001, -0.074226, 0.11431, -0.17029, 0.36022, 0.36587, 0.30707, -0.087434, 0.10043, 0.23582, -0.045501, 0.045851, 0.034007, -0.10283, -0.073191, 0.047449],
    [0.0038342, 0.00057182, -0.0045208, -0.010305, -0.036133, -0.038121, 0.13182, -0.3186, 0.25632, 0.16827, -0.56081, 0.22643, -0.25317, 0.30047, 0.018813, 0.1349, 0.041799, -0.40084, -0.23485, -0.1232, -0.034195, -0.028627, 0.068244, -2.4524e-05, 0.049405, 0.045201, 0.01948, -0.026725, -0.00092075, 0.022947],
    [0.023028, 0.0044602, -0.07105, -0.18597, -0.32452, -0.35348, 0.19484, 0.19438, -0.34754, 0.53061, -0.26834, -0.062342, -0.0047021, 0.097394, 0.23404, -0.086043, -0.022871, 0.29004, 0.10749, 0.048926, 0.06977, 0.011395, -0.0057056, 0.0096849, -0.002072, 0.0036992, 0.0057665, -0.0094899, -0.005849, 0.0019254],
    [0.0014617, 5.5093e-05, 0.0052869, 0.03361, -0.0063725, 0.0039147, -0.018591, -0.050873, 0.33261, 0.34098, 0.33421, -0.13926, 0.28944, 0.32632, 0.084484, 0.50241, -0.25165, 0.12698, -0.11614, -0.16583, 0.061576, 0.20645, -0.12317, -0.052945, 0.017829, -0.0068656, -0.037173, 0.035622, 0.014469, -0.0013885],
    [-0.025194, -0.0039772, 0.040598, 0.017104, 0.3126, 0.28872, -0.32751, 0.1135, 0.21866, 0.65378, 0.086136, -0.094409, -0.19401, -0.096006, -0.021885, -0.23491, 0.20957, -0.062949, 0.071153, 0.10021, 0.033765, -0.13002, 0.097153, 0.068845, -0.0091753, 0.025289, 0.045336, -0.05728, -0.025557, 0.012774],
    [0.0027139, -0.0023743, 0.088768, 0.30012, 0.15401, 0.22029, -0.26284, -0.59677, -0.5396, 0.060955, -0.11167, -0.13378, 0.04061, 0.14367, 0.13832, 0.015566, -0.074035, 0.1651, 0.02954, -0.0084537, 0.022288, 0.042715, -0.030302, -0.018782, 0.0036872, -0.0050102, -0.010843, 0.013283, 0.005954, -0.0027677],
    [0.038831, 0.0047118, -0.0080626, 0.17673, -0.37944, -0.29681, 0.20023, -0.41913, -0.032799, 0.17855, 0.48156, -0.17354, -0.10882, -0.11766, -0.23157, -0.090982, 0.18876, -0.27286, -0.021662, 0.039651, -0.0064996, -0.1071, 0.079863, 0.052389, -0.0072006, 0.019685, 0.03485, -0.043729, -0.018361, 0.010046],
    [-0.22309, 0.056208, -0.45971, 0.48748, 0.16833, 0.29587, 0.58542, 0.15721, -0.082436, 0.088928, 0.00075096, -0.0060616, -0.0025567, 0.0060658, 0.0020925, -0.00055929, 0.00051909, 0.001161, -3.4368e-05, -6.4087e-05, -0.00010439, 5.1043e-05, -2.0493e-05, 7.0674e-05, -3.5858e-05, -1.3248e-06, 1.6378e-05, -3.5665e-05, -2.9425e-05, 4.2253e-06],
    [-0.053893, 0.0055768, -0.092067, -0.71634, 0.4039, 0.11026, 0.38649, -0.28057, -0.12563, -0.00033483, 0.15802, -0.16485, -0.044398, 0.035455, 0.0026831, -0.0071498, 0.021262, -0.013741, -0.0055557, 0.0022401, -0.0082023, -0.0059494, 0.0037621, 0.0056058, -0.0026026, -0.00029914, 0.0015562, -0.0023825, -0.0018848, 0.00014111],
    [-0.44393, -0.48168, -0.56042, -0.19084, -0.29171, 0.10294, -0.33194, -0.10652, 0.034398, -0.044778, -0.00032968, 0.00095115, 0.001531, -0.001575, -0.00032269, 0.00025659, -0.00061412, 0.00022533, 0.00016571, -3.6346e-05, 0.00023563, 0.00014605, -9.4312e-05, -0.00014763, 6.8737e-05, 7.7163e-06, -4.0674e-05, 6.3066e-05, 4.9954e-05, -3.9183e-06],
    [0.045616, -0.48768, 0.49384, -0.049368, -0.35454, 0.54421, 0.28907, 0.071934, -0.037678, 0.040842, 0.0052969, -0.0067097, -0.0027318, 0.0030045, 0.00058326, -0.00047217, 0.0011302, -0.00042695, -0.00029147, 8.104e-05, -0.00042862, -0.000275, 0.00017681, 0.00027666, -0.00012882, -1.4443e-05, 7.6238e-05, -0.0001182, -9.3634e-05, 7.3433e-06],
    [0.49832, 0.44828, -0.35997, -0.17813, -0.39836, 0.46873, -0.096746, -0.037797, 0.0075269, -0.012491, 0.0016385, -0.0017556, -3.4643e-05, 0.00010086, 9.4293e-06, -1.0674e-05, 2.5769e-05, -1.387e-05, -2.2903e-06, 6.4348e-06, -8.1412e-06, -8.2948e-06, 5.0867e-06, 7.9245e-06, -3.6932e-06, -4.0825e-07, 2.1885e-06, -3.3923e-06, -2.6887e-06, 2.1042e-07],
    [0.70505, -0.57092, -0.27909, 0.10308, 0.24807, -0.16169, 0.025417, 0.010614, -0.0015669, 0.00261, -0.00026473, 0.0002783, -1.4183e-05, 3.7292e-06, 3.0493e-06, -9.0228e-07, 2.4123e-06, 4.1498e-07, -2.2491e-06, -1.5117e-06, -1.5313e-06, 1.4759e-07, -4.1792e-09, 6.598e-09, -1.8558e-09, -2.3278e-09, 3.8153e-11, -4.1881e-10, 2.2697e-10, 1.5461e-10]
  ],
  "min_con_prob": 1,
  "max_con_prob": 1,
  "connection_probability": 1,
  "theta_matrix": [
    [0, -2.1679, 2.6455, 0.58997, -1.117, 1.3624, 0.79992, 2.0855, -2.1674, -2.8623, 0.19598, 0.71197, -3.1188, 2.6131, -0.075463, 2.5866, 1.0332, -2.9011, -2.6926, 1.9371, -3.0824, -2.3464, -3.0648, -0.8317, -1.8021, 2.9106, 1.0832, -0.09053, -0.77918, 2.3591],
    [0, 0, -1.742, -3.0651, -0.31295, 3.0378, -0.046765, 0.81937, 1.0514, 0.065617, -0.39085, -0.61347, 1.7289, -2.7065, -0.35138, 2.3376, 1.3386, -0.3579, -1.9161, -1.3109, -2.8625, 0.50814, -1.2694, 0.35737, -1.7269, -2.8227, -1.6492, 2.0531, 3.0242, 0.93577],
    [0, 0, 0, 0.8675, -0.74145, -1.2505, 1.0994, -2.4989, 2.8012, -0.22165, 2.5144, -1.8734, -0.31321, 0.046619, 1.0082, -0.44707, -1.1379, -3.0249, -3.0261, -3.1088, 3.0772, 2.1074, 1.714, 0.65619, 1.4584, 2.6666, -1.0153, 0.37642, 1.8343, 0.72541],
    [0, 0, 0, 0, 1.1875, 1.5151, -2.182, -0.38001, 2.5774, 2.4103, 1.472, -2.907, 0.26479, 2.1463, 3.0158, -1.4054, -0.49588, 2.192, -0.91832, 1.617, -3.0203, 2.5772, -0.69854, -0.41362, 2.085, 1.6961, -1.0421, -0.26735, -2.9936, -2.808],
    [0, 0, 0, 0, 0, 3.0494, -2.2712, -0.44483, -1.8647, 2.4775, 1.6393, -2.1908, -0.6012, 2.2268, -1.1439, 2.2452, 1.4391, 0.15884, 1.61, -1.4022, 1.627, 0.14618, 0.99587, 0.14874, -1.7746, 1.1347, 2.8199, -1.4702, 1.7056, 2.1551],
    [0, 0, 0, 0, 0, 0, -1.6819, 1.5507, 0.23904, 2.5089, 1.9128, 0.61546, -0.42419, 0.08942, 1.9238, -0.89944, 2.8374, 0.12173, 2.1639, -3.0628, 1.346, -1.1616, 3.051, -0.74088, 2.3127, -3.0282, 1.5893, -2.5356, 1.7362, 1.7406],
    [0, 0, 0, 0, 0, 0, 0, -0.76437, 0.71669, -2.3829, 0.88051, -2.9075, -1.444, -2.6938, -1.5901, 0.53379, -0.31318, 3.1038, 0.19812, 1.7928, -0.58635, 0.91928, -3.0732, 2.2162, -2.6973, -1.0989, -0.90481, -2.3185, -0.3833, 1.9808],
    [0, 0, 0, 0, 0, 0, 0, 0, -0.15215, -1.9829, 1.9583, -2.328, 0.141, -2.1584, -2.3665, 2.3434, -2.6567, 2.4681, 0.96062, 0.11263, -1.9932, 2.4448, 0.15043, 2.4843, -0.19596, 0.57811, 1.5004, -1.0318, -1.7272, -1.2894],
    [0, 0, 0, 0, 0, 0, 0, 0, 0, -1.5963, 0.77164, 2.7462, -2.7817, -2.5531, 3.0169, -2.9763, -0.43922, -1.8135, 0.1503, 2.6957, -0.8987, -0.6774, 2.4439, 0.34204, -0.74833, 0.6444, 0.81684, -1.6037, 0.02979, 2.6056],
    [0, 0, 0, 0, 0, 0, 0, 0, 0, 0, 1.1351, 2.2989, -1.6145, 1.1091, 2.1092, 2.0161, -2.7193, -1.8283, 0.67927, -1.3816, -2.0455, 0.42837, -1.1972, 2.5577, -0.58911, 1.1439, -2.2675, -0.27734, -1.2446, 1.717],
    [0, 0, 0, 0, 0, 0, 0, 0, 0, 0, 0, -0.69266, -2.1586, 0.88182, -2.902, -1.4433, 2.5409, 0.2462, 1.2919, -1.9806, 0.69542, -3.1002, 0.92387, -2.7446, 0.95871, 2.6026, 0.73325, 0.60702, 0.089594, 2.382],
    [0, 0, 0, 0, 0, 0, 0, 0, 0, 0, 0, 0, -0.74401, -2.4824, -0.30335, -2.2713, 3.1389, 0.79752, -1.6281, -1.4528, -2.8059, 1.8461, 0.43328, -2.5425, 2.8214, -2.0206, 1.8203, 0.32592, -1.0397, 1.5151],
    [0, 0, 0, 0, 0, 0, 0, 0, 0, 0, 0, 0, 0, 2.461, 2.3853, 0.85152, -1.2295, 2.3706, 2.6921, -2.873, -0.32223, 0.13068, 1.4042, 0.32784, 0.51335, -2.3086, 2.7237, -2.8703, -2.5144, -1.989],
    [0, 0, 0, 0, 0, 0, 0, 0, 0, 0, 0, 0, 0, 0, -1.1542, -1.2998, -0.31066, -1.7807, -0.67487, -0.30794, 1.4639, 0.19599, 2.5638, 3.0507, -1.6297, 1.0022, -2.9007, -1.706, 1.1498, -2.5084],
    [0, 0, 0, 0, 0, 0, 0, 0, 0, 0, 0, 0, 0, 0, 0, 2.9734, -1.725, -2.8983, 1.5594, -1.7216, -1.5437, -1.0329, 2.4005, 2.3799, 0.1536, 0.83869, 1.6727, -2.1767, 0.10305, 0.64371],
    [0, 0, 0, 0, 0, 0, 0, 0, 0, 0, 0, 0, 0, 0, 0, 0, -1.4482, -2.9116, -2.762, -0.31475, -2.094, 1.6875, 2.7074, 0.74713, 0.70545, -2.171, -1.9526, 2.3948, -2.9177, -2.9177],
    [0, 0, 0, 0, 0, 0, 0, 0, 0, 0, 0, 0, 0, 0, 0, 0, 0, 0.05307, 2.9381, -2.2191, -1.531, 2.9848, 1.9076, -0.40324, -0.87628, 0.25028, 0.49794, 0.59867, -2.4055, -2.4871],
    [0, 0, 0, 0, 0, 0, 0, 0, 0, 0, 0, 0, 0, 0, 0, 0, 0, 0, 3.1378, -1.9877, 1.7865, 1.3275, 0.19261, -0.04915, -0.99965, 0.078454, 0.63934, 1.5036, -2.4632, 3.0092],
    [0, 0, 0, 0, 0, 0, 0, 0, 0, 0, 0, 0, 0, 0, 0, 0, 0, 0, 0, -1.5574, -2.6024, 1.8616, 0.21298, -0.60811, 3.0869, 1.7519, -2.6606, 1.6125, -0.061201, 0.80633],
    [0, 0, 0, 0, 0, 0, 0, 0, 0, 0, 0, 0, 0, 0, 0, 0, 0, 0, 0, 0, 0.23604, -2.4329, -0.73249, 2.3654, -1.0909, 0.077213, 1.562, -0.55844, 0.59423, 0.77663],
    [0, 0, 0, 0, 0, 0, 0, 0, 0, 0, 0, 0, 0, 0, 0, 0, 0, 0, 0, 0, 0, 2.0794, -1.6401, 1.4179, 1.4362, 1.1455, -0.23424, -2.0116, 0.65378, 1.667],
    [0, 0, 0, 0, 0, 0, 0, 0, 0, 0, 0, 0, 0, 0, 0, 0, 0, 0, 0, 0, 0, 0, 1.1186, -2.9015, 2.6732, 2.3875, 2.9828, -0.80389, 0.47331, 1.6275],
    [0, 0, 0, 0, 0, 0, 0, 0, 0, 0, 0, 0, 0, 0, 0, 0, 0, 0, 0, 0, 0, 0, 0, 2.6128, 0.34656, 0.50462, 1.8323, -1.3826, -1.0081, 2.619],
    [0, 0, 0, 0, 0, 0, 0, 0, 0, 0, 0, 0, 0, 0, 0, 0, 0, 0, 0, 0, 0, 0, 0, 0, 1.0129, 0.066832, -2.4184, -2.9519, -3.0183, 1.9999],
    [0, 0, 0, 0, 0, 0, 0, 0, 0, 0, 0, 0, 0, 0, 0, 0, 0, 0, 0, 0, 0, 0, 0, 0, 0, -1.0444, -1.7914, -2.627, -2.6739, 2.4796],
    [0, 0, 0, 0, 0, 0, 0, 0, 0, 0, 0, 0, 0, 0, 0, 0, 0, 0, 0, 0, 0, 0, 0, 0, 0, 0, -2.1671, -2.4673, -2.7764, -1.7833],
    [0, 0, 0, 0, 0, 0, 0, 0, 0, 0, 0, 0, 0, 0, 0, 0, 0, 0, 0, 0, 0, 0, 0, 0, 0, 0, 0, -2.6146, 2.6665, -3.0656],
    [0, 0, 0, 0, 0, 0, 0, 0, 0, 0, 0, 0, 0, 0, 0, 0, 0, 0, 0, 0, 0, 0, 0, 0, 0, 0, 0, 0, 1.1345, -2.1512],
    [0, 0, 0, 0, 0, 0, 0, 0, 0, 0, 0, 0, 0, 0, 0, 0, 0, 0, 0, 0, 0, 0, 0, 0, 0, 0, 0, 0, 0, -2.1688],
    [0, 0, 0, 0, 0, 0, 0, 0, 0, 0, 0, 0, 0, 0, 0, 0, 0, 0, 0, 0, 0, 0, 0, 0, 0, 0, 0, 0, 0, 0]
  ],
  "optimum_value": -216.73,
  "optimum_position": [
    -23.086, -63.317, -77.989, 40.49, 24.78,
    72.129, 70.775, -66.682, 74.353, 0.076596,
    -68.46, 73.889, -25.209, -56.938, 46.63,
    -46.531, -7.9654, 6.9984, -28.732, -13.053,
    45.107, -7.9897, -16.28, 48.033, 68.938,
    9.0118, -47.085, -43.752, 30.193, -15.859
  ],
  "fe_history": [],
  "fe": 0,
  "acceptance_reach_point": "Infinity",
  "best_found_result": "Infinity"
}