{
  "max_evals": 500000,
  "acceptance_threshold": 1.0000e-08,
  "dimension": 30,
  "o": 1,
  "min_coordinate": -100,
  "max_coordinate": 100,
  "min_rand_optima_pos": -80,
  "max_rand_optima_pos": 80,
  "min_exclusive_range": -60,
  "max_exclusive_range": 60,
  "component_positioning_method": 2,
  "component_minimum_position": [
    14.74, -66.997, 14.2, 55.849, -44.851,
    4.5946, 21.532, -42.47, 71.133, -66.706,
    -57.412, -67.316, -59.88, 22.863, 18.639,
    50.893, -20.816, 55.207, 6.0182, 42.669,
    -9.7704, -79.426, 52.471, 16.666, 67.44,
    43.199, -53.897, 48.167, -25.37, 12.634
  ],
  "min_sigma": -1200,
  "max_sigma": 0,
  "component_sigma": -194.04,
  "h_pattern": 4,
  "lb_h": 1,
  "ub_h": 1000,
  "alpha": 1,
  "beta": 1,
  "component_h": [
    603.05, 657.03, 893.86, 418.31, 355.53,
    1000, 969.53, 185.58, 591.17, 0.01,
    317.05, 701.11, 944.68, 575.91, 512.73,
    452.55, 100.98, 849.73, 969.99, 23.129,
    632.69, 656.09, 679.14, 288.76, 581.64,
    874.07, 514.5, 763.27, 937, 355.78
  ],
  "max_mu": 1,
  "min_mu": 1,
  "max_omega": 50,
  "min_omega": 50,
  "local_modality_symmetry": 4,
  "mu": [
    0.7, 0.2
  ],
  "omega": [
    25, 10, 20, 50
  ],
  "max_lambda": 1,
  "min_lambda": 1,
  "lambda_config_method": 1,
  "lambda_value_4_all": 0.6000,
  "lambda": 0.6000,
  "min_angle": -3.1416,
  "max_angle": 3.1416,
  "rotation": 3,
  "rotation_matrix": [
    [1.2072e-09, 1.4627e-08, 9.7941e-06, 2.4692e-05, -4.519e-05, 6.1898e-05, -0.00014571, -4.6622e-05, 7.5078e-05, 0.00094521, 0.011528, -0.038077, -0.058212, 0.011041, -0.052476, 0.062397, -0.031291, -0.017496, 0.14058, 0.22291, 0.20851, 0.18359, 0.10664, 0.017427, -0.59972, -0.44737, 0.31553, 0.2945, 0.14042, 0.2507],
    [-2.0114e-09, -2.544e-08, -1.7706e-05, -4.3996e-05, -6.4641e-05, -9.0801e-06, 0.00014977, -0.00060621, 0.00047649, -0.003234, -0.0057958, 0.030814, 0.056535, -0.0080743, 0.027922, -0.05056, -0.01229, 0.011062, -0.11126, -0.43691, 0.20745, 0.23534, 0.54246, 0.047968, 0.34718, -0.088649, -0.10681, 0.13597, 0.20821, 0.43845],
    [-8.268e-09, -1.0652e-07, -7.5164e-05, -0.00018662, -0.00032677, -4.072e-05, 0.00047959, -0.0031179, 0.0025992, -0.010868, 0.006653, 0.0011583, 0.041775, -0.0085164, 0.019556, -0.048754, -0.036998, -0.20339, 0.058463, -0.20486, 0.30587, 0.024149, -0.046659, 0.57951, -0.10779, 0.3241, 0.20872, 0.053125, 0.41557, -0.37314],
    [-1.9629e-08, -2.6791e-07, -0.00019723, -0.00049338, -0.00016682, -0.00077301, 0.0012763, -0.0057077, 0.0045322, -0.015036, 0.011278, 0.006989, 0.070837, -0.00501, -0.0094155, -0.056515, -0.059234, 0.21143, 0.33711, 0.1855, 0.18998, -0.53774, -0.058171, 0.22238, 0.10534, 0.16522, -0.25195, 0.4816, -0.086952, 0.27472],
    [-1.4063e-08, -1.79e-07, -0.00012481, -0.00031108, -0.0002834, -0.00028989, 0.00087908, -0.0041696, 0.003441, -0.013279, 0.0013573, 0.033759, 0.099775, -0.013045, 0.027557, -0.089986, -0.044589, 0.2102, 0.25113, 0.17174, -0.0087571, 0.61036, -0.049353, -0.053436, -0.22091, 0.56056, -0.2386, -0.04911, -0.022965, 0.20033],
    [1.174e-08, 2.027e-07, 0.00017205, 0.00043564, -0.0007654, 0.001582, -0.0010665, 0.001654, -0.00069066, -0.0026184, 0.0062975, -0.0077716, -0.010466, -0.0044336, -0.026049, -0.0039385, -0.081617, -0.41427, -0.021966, -0.17268, 0.042927, 0.08323, -0.29873, 0.38375, -0.18592, -0.27601, -0.53907, -0.20048, -0.22839, 0.22695],
    [8.273e-08, 1.1937e-06, 0.00090998, 0.0022926, -0.002343, 0.0065638, -0.0059751, 0.015287, -0.010816, 0.0067401, -0.022382, 0.060765, 0.023086, -0.038694, 0.12847, -0.046192, 0.085762, -0.017538, -0.18886, -0.399, 0.30605, -0.068357, 0.095706, -0.13211, -0.3149, 0.23594, 0.16104, 0.17449, -0.655, -0.083221],
    [1.4335e-07, 2.0898e-06, 0.0016063, 0.004046, -0.0038245, 0.011309, -0.010495, 0.027953, -0.019742, 0.021232, -0.038325, 0.077164, -0.034742, -0.051582, 0.1695, 0.0051647, 0.13814, 0.065483, -0.15945, -0.0057562, 0.076295, 0.35683, -0.30667, -0.10963, 0.19139, -0.22483, -0.27382, 0.6065, 0.054424, -0.37021],
    [3.4176e-08, 1.3885e-07, -6.5335e-05, -0.00017486, 0.001374, -0.0019774, -0.00036031, 0.003888, -0.0060714, 0.00019144, 0.016525, 0.0015001, 0.010764, -0.0020159, 0.020349, -0.10829, -0.071798, -0.011109, 0.41073, 0.18834, 0.27872, 0.27975, -0.015188, 0.20429, 0.46226, -0.22618, 0.31608, -0.15332, -0.42759, -0.094667],
    [4.55e-08, 8.8915e-07, 0.00070951, 0.0017851, -0.0025652, 0.0059328, -0.004404, 0.0088107, -0.0047155, -2.277e-05, -0.054369, 0.11928, 0.13754, -0.050537, 0.30759, -0.060818, 0.19512, 0.59055, -0.012758, -0.039092, 0.35493, -0.10897, -0.0057736, 0.051709, -0.15585, -0.2532, -0.20732, -0.41309, 0.12748, -0.12464],
    [-5.8161e-07, -1.7604e-06, 0.0009431, 0.002349, -0.01016, 0.016484, -0.0011823, -0.012645, 0.025073, -0.068086, -0.039755, 0.14873, 0.3777, -0.12127, -0.03328, -0.22274, -0.30135, -0.17236, 0.36029, -0.33804, 0.10961, -0.085888, -0.30833, -0.47828, -0.010316, -0.083365, 0.068173, -0.029947, 0.20453, 0.012575],
    [3.4919e-07, 1.6511e-06, 0.0010886, 0.0030488, -0.027445, 0.034853, 0.0004788, -0.076279, 0.097209, -0.23182, 0.056869, -0.064176, 0.56249, -0.23425, 0.0027289, -0.32557, 0.1388, 0.080264, -0.39236, 0.12693, -0.20316, 0.043003, -0.17596, 0.2459, 0.039171, -0.036828, 0.24351, 0.070051, -0.059004, 0.20855],
    [-1.4398e-07, -6.3086e-07, 0.0013365, 0.0035109, -0.0072555, 0.014715, -0.0063491, 0.0096798, 0.0029341, 0.0010135, -0.031276, -0.044779, -0.14451, -0.032049, 0.24247, 0.1588, 0.21918, -0.2854, -0.24535, 0.25876, 0.48293, -0.046145, -0.32259, -0.22408, 0.176, 0.19651, 0.12331, -0.12198, 0.14796, 0.35048],
    [1.8432e-06, 3.1829e-05, 0.0060007, 0.012897, 0.007406, 0.011669, -0.049877, 0.14755, -0.1522, 0.18728, -0.10132, 0.36294, -0.2959, -0.116, 0.17567, 0.13738, -0.19189, 0.28848, -0.02512, -0.2691, -0.26738, 0.035566, -0.36394, 0.20848, 0.04614, 0.010974, 0.30743, 0.026253, 0.008538, 0.29169],
    [5.6837e-06, 3.7738e-05, 0.010321, 0.026303, -0.044356, 0.084634, -0.07925, 0.085047, -0.046596, -0.12596, 0.16783, 0.029409, -0.052274, -0.36285, -0.61248, 0.24233, -0.34976, 0.22311, -0.26825, 0.05446, 0.30549, 0.039261, -0.064127, -0.026936, 0.045395, 0.019204, -0.066595, -0.050775, -0.026647, -0.06602],
    [-5.8816e-05, -0.00017375, 0.02449, 0.047265, -0.13135, 0.34378, 0.079184, 0.13435, 0.2502, -0.26088, -0.28258, -0.10092, -0.037651, -0.1975, 0.46564, 0.10286, -0.51384, -0.070287, -0.079247, 0.15676, -0.047798, -0.020488, 0.18811, 0.019746, -0.018337, 0.0065036, -0.054115, 0.0098814, -0.029748, -0.079356],
    [3.8969e-06, 9.3153e-05, 0.0096468, 0.01641, 0.01843, 0.0058369, -0.072461, 0.19514, -0.23203, 0.13138, 0.063803, 0.24242, -0.31559, -0.42012, 0.023293, -0.64448, 0.031827, -0.17424, -0.044436, 0.20113, 0.0028409, -0.067213, 0.1883, -0.044256, -0.050759, 0.0060861, -0.082328, -0.027565, 0.043398, -0.04718],
    [4.8801e-05, -0.00021987, -0.013749, 0.019514, -0.089002, -0.039581, -0.26261, -0.12084, 0.00036606, -0.13449, 0.22796, 0.60355, 0.22571, -0.23282, 0.13799, 0.42332, 0.1799, -0.21613, 0.13164, 0.12522, -0.089992, -0.019716, 0.20419, 0.028155, -0.01111, 0.010417, -0.040374, 0.0026762, -0.028734, -0.053838],
    [-6.5651e-05, 5.8546e-05, -0.0075461, -0.072756, 0.22391, -0.28413, 0.15666, -0.022714, -0.2538, 0.43716, -0.42434, 0.19556, 0.36245, 0.089188, -0.02219, 0.088807, -0.28294, -0.082642, -0.21807, 0.23924, 0.080729, -0.0055276, 0.11529, 0.025576, 0.0071351, 0.010701, -0.034396, 0.0036104, -0.036253, -0.048579],
    [-8.5105e-05, -0.00040624, -0.0090996, -0.069764, 0.16686, -0.36014, -0.071359, -0.48132, -0.05965, 0.12057, 0.47516, -0.2738, -0.08237, -0.20471, 0.33581, 0.0077075, -0.33708, 0.050829, -0.053328, -0.016742, -0.009956, -0.0010037, -0.0061151, -0.020526, -0.0053143, -0.0065537, -0.0059677, 0.010235, 0.0023899, -0.016565],
    [-0.00039907, -0.0013694, -0.063411, -0.15098, 0.16449, -0.24963, -0.23222, 0.22392, -0.48766, -0.36742, -0.30072, -0.36355, 0.03734, -0.29426, 0.058129, 0.18002, 0.14702, -0.014657, 0.16052, -0.08683, -0.070876, 0.0024264, 0.01892, 0.0017955, -0.0037588, 3.3108e-05, -0.0025861, 0.00091678, -0.00097513, -0.0035338],
    [0.00070829, 0.003231, 0.030871, 0.15754, -0.083225, 0.11324, 0.21536, 0.60074, -0.22913, 0.27824, 0.49603, -0.1964, 0.27661, 0.0093478, 0.16641, 0.15551, -0.012429, -0.036759, 0.029293, -0.00049843, -0.032353, -0.0041553, 0.023284, -0.010018, -0.0027038, -0.0030532, -0.0021414, 0.0049486, 0.00040515, -0.008117],
    [-0.00086267, -0.0041865, 0.024334, -0.13458, 0.23615, 0.10396, 0.53875, -0.10686, 0.26661, 0.23592, -0.10318, -0.085209, -0.028691, -0.55555, -0.077734, 0.1775, 0.2762, -0.023139, 0.18118, -0.087169, -0.061295, 0.0039038, 0.013592, 0.011149, -0.001694, 0.002895, 0.00032065, -0.0038194, -0.0013175, 0.0047803],
    [0.0037091, 0.034405, 0.25294, 0.21275, 0.577, 0.14308, 0.38181, -0.071726, -0.26478, -0.44693, 0.14888, 0.21582, -0.067917, 0.19209, 0.027025, -0.020859, -0.044259, -0.0031143, -0.037178, 0.021205, 0.011323, -0.0016155, -0.0020407, -0.0039563, 0.00036607, -0.0010978, 0.00085884, 0.0010633, 0.0010554, -0.00028184],
    [0.0043693, 0.044841, -0.40915, -0.57991, 0.18257, -0.27511, 0.15647, 0.35346, 0.29388, -0.2228, 0.17749, 0.17982, -0.056509, 0.13306, 0.02532, -0.046684, -0.083972, 0.0064519, -0.061375, 0.029834, 0.021692, -0.001352, -0.0062232, -0.0037887, 0.00084827, -0.00096794, 0.00070491, 0.00097, 0.00089729, -0.00033975],
    [0.016621, 0.13436, -0.041188, 0.65755, 0.081297, -0.56638, 0.014767, 0.22745, 0.3785, -0.08129, -0.08529, 0.0075898, -0.054549, -0.086593, -0.015845, -0.00014345, 0.0094212, 0.0056143, 0.010948, -0.0083514, -0.0020608, 0.0010182, -0.00066774, 0.002317, 1.755e-05, 0.00067609, -0.00048649, -0.00067161, -0.0006334, 0.00022684],
    [0.07227, -0.62234, -0.15865, 0.083041, -0.45826, -0.2399, 0.44923, -0.11275, -0.21046, -0.19731, -0.011836, 0.075479, -0.064012, -0.0038578, -0.00038852, -0.0050974, -0.0095273, 0.003527, -0.0042518, 0.00040167, 0.0020039, 0.00024793, -0.0013351, 0.00023561, 0.00013383, 8.7692e-05, -6.8295e-05, -8.7667e-05, -8.7359e-05, 2.5856e-05],
    [0.1548, -0.38393, -0.66223, 0.27593, 0.3929, 0.30528, -0.21676, -0.044616, 0.016836, 0.11578, 0.0018554, -0.046724, 0.037372, -0.00076282, -0.0002228, 0.0049084, 0.0083657, -0.0023471, 0.0045789, -0.0012515, -0.0019583, -0.00010739, 0.00099934, -4.92e-05, -0.00010904, -3.0487e-05, 2.3826e-05, 3.03e-05, 3.1555e-05, -7.8398e-06],
    [-0.0020103, -0.65849, 0.53148, -0.1408, 0.25602, -0.080717, -0.26659, 0.20437, 0.27166, 0.064645, 0.015981, -0.01864, 0.021613, 0.009879, 0.0011908, -0.0033197, -0.003872, -0.00048944, -0.0039186, 0.002486, 0.0013362, -0.00018276, -9.7856e-05, -0.00030561, 3.2859e-05, -8.2701e-05, 6.4392e-05, 8.3179e-05, 7.9483e-05, -2.7271e-05],
    [-0.98514, -0.10204, -0.11831, 0.059361, 0.031591, 0.020417, 0.0015743, -0.010099, -0.006851, -0.00034424, -0.00011529, 0.00010055, -9.1249e-05, 4.9807e-05, -6.6199e-06, 6.8709e-06, 1.8544e-05, -1.7333e-06, 1.3731e-05, -6.7269e-06, -5.2374e-06, 2.519e-07, 1.4594e-06, 6.0086e-07, -2.0583e-07, 1.4191e-07, -1.1058e-07, -1.4204e-07, -1.3324e-07, 4.8933e-08]
  ],
  "min_con_prob": 1,
  "max_con_prob": 1,
  "connection_probability": 1,
  "theta_matrix": [
    [0, 2.1113, -1.8473, 1.9835, -2.5608, -2.7121, 1.8992, -2.1183, -0.20082, 2.882, 1.8667, 2.6203, 2.9391, 1.9412, -1.9056, 1.4688, -0.065817, -0.68899, -2.4341, 2.4414, -1.8904, -2.1064, 0.80854, -1.2597, -0.84258, -1.2321, -1.3316, -1.1228, -3.1299, -1.3982],
    [0, 0, 0.99703, 1.41, -0.97431, 1.8297, 0.26982, 0.31134, -1.7067, 2.5474, 1.3542, -3.0309, -3.1274, 1.3457, 2.0642, -2.1675, -1.1784, 1.2726, -2.9906, 0.83478, 0.43288, 2.3863, 0.50162, -1.4266, 2.4872, 2.2457, 1.533, -0.8773, 2.1675, -0.63613],
    [0, 0, 0, -2.5998, 1.7526, -0.257, 1.7053, 2.4534, -2.4458, -1.5417, 0.28012, -1.6497, -1.0142, -0.81181, 2.5983, 2.0417, 0.91426, 2.1382, 2.2622, -0.41561, 2.6203, -0.81217, -2.4315, -0.54899, 1.7787, 0.26881, 2.621, 0.084596, -0.36192, -2.1134],
    [0, 0, 0, 0, -0.60982, 2.5415, 2.7027, -0.90848, -1.3368, 3.1059, 1.0205, -0.85181, -1.4576, 2.7474, 2.7391, 0.085074, -2.2273, 2.0077, -1.7604, 1.749, -1.8433, 2.7155, 0.35578, -3.1371, -0.25438, -0.12083, -1.3843, -2.4316, -0.23347, -0.98275],
    [0, 0, 0, 0, 0, 1.5492, 1.8126, -2.1759, -0.57555, 3.0667, 1.5257, -2.8268, -2.7916, 0.85003, 2.1616, -0.99861, 1.2771, -1.8908, 2.1946, 1.0293, -2.6221, -3.0925, 0.89281, -0.55073, 0.58028, 0.20581, -0.9298, 2.1583, 0.7697, -0.92429],
    [0, 0, 0, 0, 0, 0, 0.31034, -2.6939, 1.2794, 0.2486, -1.423, 0.77006, -2.2632, -2.2648, 2.5423, -1.932, 2.4912, 2.6872, 0.90628, 1.5432, 2.3313, -2.3575, -1.1673, -2.9158, 2.1504, -2.8536, -2.5307, -0.50892, 0.79655, -1.0282],
    [0, 0, 0, 0, 0, 0, 0, -2.7275, -1.5102, 2.4966, -2.2348, 2.0859, 2.1748, -1.2268, 2.1158, 2.8762, -2.5857, -0.67141, 1.7056, -1.1433, 1.29, 1.3214, 1.2441, -0.79765, 2.8187, -1.4431, 1.0594, -2.8954, 2.0889, -3.0134],
    [0, 0, 0, 0, 0, 0, 0, 0, 2.6162, 2.45, 2.5971, 2.5339, 1.4418, 0.99438, -1.9563, 2.4377, 2.017, -2.5656, 0.80547, -2.1407, 0.82092, -2.7944, 1.9517, -2.1338, 0.53282, 1.9125, -2.0123, -1.0966, -2.0502, -2.1676],
    [0, 0, 0, 0, 0, 0, 0, 0, 0, 1.6304, 3.0824, 0.99605, 0.32514, 1.4758, 0.69834, 0.86268, 0.0051307, -3.0895, -2.0512, 1.2013, -3.0969, 1.8454, -3.1179, 0.5075, -1.6454, 0.84773, 3.0804, -0.47601, 1.2131, 1.6279],
    [0, 0, 0, 0, 0, 0, 0, 0, 0, 0, 0.53883, 2.8917, 2.3368, -1.3703, -0.64511, -1.424, 2.0747, 1.6879, -1.9672, -0.15066, 0.68651, 0.40959, 0.47436, -1.9467, 1.5735, 1.6418, 0.5467, 2.8537, -0.27368, -2.0681],
    [0, 0, 0, 0, 0, 0, 0, 0, 0, 0, 0, 3.0003, -0.86321, 2.5471, 1.0194, -1.5558, -1.4074, -1.4607, -0.20068, -0.70595, 1.8649, -0.038659, -2.4602, 2.4583, -1.561, 2.3473, 1.0024, 0.88308, -3.0273, 0.66499],
    [0, 0, 0, 0, 0, 0, 0, 0, 0, 0, 0, 0, -1.2827, -2.6907, -1.3112, -0.033539, 2.1361, -2.4446, 1.1864, 0.83488, 0.16457, -0.85523, -2.9788, 2.3333, -0.40415, 1.1123, 0.74905, 0.4967, -0.15439, -2.3886],
    [0, 0, 0, 0, 0, 0, 0, 0, 0, 0, 0, 0, 0, 3.0782, -0.48171, 3.0088, 1.8811, 0.67968, 2.532, -2.0703, -2.1444, -0.036743, 1.484, -1.73, 2.2131, 2.5373, 0.44054, 1.3569, 2.1652, -2.1245],
    [0, 0, 0, 0, 0, 0, 0, 0, 0, 0, 0, 0, 0, 0, 1.4875, 1.5969, 0.54977, 0.80563, -1.5829, -0.11945, 1.0813, -1.4431, 0.55206, 2.7954, -1.4294, -0.9176, 1.2825, -2.7386, -1.7821, -2.0596],
    [0, 0, 0, 0, 0, 0, 0, 0, 0, 0, 0, 0, 0, 0, 0, -2.7057, 1.7108, -2.8362, -2.9981, 1.1836, -2.1885, -1.926, 2.2195, 0.3508, -1.9295, 1.4677, 0.97103, 0.63812, 2.9115, -0.25256],
    [0, 0, 0, 0, 0, 0, 0, 0, 0, 0, 0, 0, 0, 0, 0, 0, 0.8309, -1.9794, 2.9232, 0.67834, -0.37841, 0.14706, -2.4831, 1.2143, -1.7463, -2.2287, 0.67436, -1.5171, 2.3464, 2.8704],
    [0, 0, 0, 0, 0, 0, 0, 0, 0, 0, 0, 0, 0, 0, 0, 0, 0, 2.7096, 0.79944, -2.8313, 0.15918, -2.5054, 1.5358, 0.30863, 1.3539, -0.78425, -2.436, -1.0486, 0.68403, -2.293],
    [0, 0, 0, 0, 0, 0, 0, 0, 0, 0, 0, 0, 0, 0, 0, 0, 0, 0, 1.8395, -1.609, -0.32912, -0.66996, 2.5033, -2.3105, 0.42787, 0.6656, -2.8063, 0.73347, 0.97369, -0.1063],
    [0, 0, 0, 0, 0, 0, 0, 0, 0, 0, 0, 0, 0, 0, 0, 0, 0, 0, 0, -2.0323, 0.90897, 1.1128, -0.50653, -3.0243, -3.1235, 2.7145, -2.0626, 1.1553, 0.38927, 2.1346],
    [0, 0, 0, 0, 0, 0, 0, 0, 0, 0, 0, 0, 0, 0, 0, 0, 0, 0, 0, 0, 0.16618, -0.31231, -0.34432, 0.82866, 0.44058, -1.1586, 1.4471, -2.4463, -2.1532, 0.88662],
    [0, 0, 0, 0, 0, 0, 0, 0, 0, 0, 0, 0, 0, 0, 0, 0, 0, 0, 0, 0, 0, 0.14893, -2.7818, -1.5066, -2.374, -1.2673, -2.8703, -1.2078, -2.6865, 1.8732],
    [0, 0, 0, 0, 0, 0, 0, 0, 0, 0, 0, 0, 0, 0, 0, 0, 0, 0, 0, 0, 0, 0, 1.9709, 2.8697, 2.5415, -0.66452, -0.1454, -1.7834, 2.6551, 0.1548],
    [0, 0, 0, 0, 0, 0, 0, 0, 0, 0, 0, 0, 0, 0, 0, 0, 0, 0, 0, 0, 0, 0, 0, 1.017, -2.036, 0.15465, -1.1808, 2.1821, -1.8434, 2.0124],
    [0, 0, 0, 0, 0, 0, 0, 0, 0, 0, 0, 0, 0, 0, 0, 0, 0, 0, 0, 0, 0, 0, 0, 0, 2.8676, 0.15734, -0.2377, 2.9914, -2.8166, -2.0847],
    [0, 0, 0, 0, 0, 0, 0, 0, 0, 0, 0, 0, 0, 0, 0, 0, 0, 0, 0, 0, 0, 0, 0, 0, 0, -0.8935, 2.8358, -0.14653, -1.541, -0.65205],
    [0, 0, 0, 0, 0, 0, 0, 0, 0, 0, 0, 0, 0, 0, 0, 0, 0, 0, 0, 0, 0, 0, 0, 0, 0, 0, 1.3291, 2.5923, 0.26286, 0.55431],
    [0, 0, 0, 0, 0, 0, 0, 0, 0, 0, 0, 0, 0, 0, 0, 0, 0, 0, 0, 0, 0, 0, 0, 0, 0, 0, 0, 1.8452, -0.31491, -0.50336],
    [0, 0, 0, 0, 0, 0, 0, 0, 0, 0, 0, 0, 0, 0, 0, 0, 0, 0, 0, 0, 0, 0, 0, 0, 0, 0, 0, 0, 2.8042, -2.3558],
    [0, 0, 0, 0, 0, 0, 0, 0, 0, 0, 0, 0, 0, 0, 0, 0, 0, 0, 0, 0, 0, 0, 0, 0, 0, 0, 0, 0, 0, 1.9228],
    [0, 0, 0, 0, 0, 0, 0, 0, 0, 0, 0, 0, 0, 0, 0, 0, 0, 0, 0, 0, 0, 0, 0, 0, 0, 0, 0, 0, 0, 0]
  ],
  "optimum_value": -194.04,
  "optimum_position": [
    14.74, -66.997, 14.2, 55.849, -44.851,
    4.5946, 21.532, -42.47, 71.133, -66.706,
    -57.412, -67.316, -59.88, 22.863, 18.639,
    50.893, -20.816, 55.207, 6.0182, 42.669,
    -9.7704, -79.426, 52.471, 16.666, 67.44,
    43.199, -53.897, 48.167, -25.37, 12.634
  ],
  "fe_history": [],
  "fe": 0,
  "acceptance_reach_point": "Infinity",
  "best_found_result": "Infinity"
}