{
  "max_evals": 500000,
  "acceptance_threshold": 1.0000e-08,
  "dimension": 30,
  "o": 1,
  "min_coordinate": -100,
  "max_coordinate": 100,
  "min_rand_optima_pos": -80,
  "max_rand_optima_pos": 80,
  "min_exclusive_range": -60,
  "max_exclusive_range": 60,
  "component_positioning_method": 2,
  "component_minimum_position": [
    47.775, 43.846, 73.353, -60.045, -25.239,
    -17.275, -63.385, -67.087, 21.742, -40.996,
    -32.022, 53.735, -15.859, 77.479, -21.799,
    14.856, 23.002, -39.365, -36.957, -50.479,
    75.027, 49.838, 12.804, -57.653, 1.3696,
    -79.562, 35.602, 43.663, 64.601, -42.697
  ],
  "min_sigma": -1200,
  "max_sigma": 0,
  "component_sigma": -234.28,
  "h_pattern": 4,
  "lb_h": 1,
  "ub_h": 100000,
  "alpha": 0.2000,
  "beta": 0.2000,
  "component_h": [
    1e+05, 9299.5, 345.28, 89220, 62403,
    1.5299, 17.01, 21.814, 89325, 34402,
    99896, 1e+05, 49818, 70067, 99967,
    56933, 94810, 24944, 33.619, 10795,
    73300, 2397.6, 99960, 1e+05, 1e+05,
    86664, 9576.4, 1, 11856, 43113
  ],
  "max_mu": 1,
  "min_mu": 1,
  "max_omega": 50,
  "min_omega": 50,
  "local_modality_symmetry": 4,
  "mu": [
    1, 1
  ],
  "omega": [
    10, 10, 10, 10
  ],
  "max_lambda": 1,
  "min_lambda": 1,
  "lambda_config_method": 1,
  "lambda_value_4_all": 0.1000,
  "lambda": 0.1000,
  "min_angle": -3.1416,
  "max_angle": 3.1416,
  "rotation": 3,
  "rotation_matrix": [
    [1.424e-09, 9.064e-07, 5.4091e-07, -4.8948e-06, 5.5948e-06, -3.5043e-06, -0.00053828, 0.0007749, -0.0056724, 0.00054867, -0.034223, 0.093452, -0.19044, -0.22591, -0.1899, 0.11843, -0.06873, -0.14066, -0.52461, -0.22908, -0.38268, -0.012734, -0.13198, 0.35595, 0.14447, 0.037034, -0.063813, -0.05792, 0.28896, 0.31078],
    [1.1331e-08, 7.2438e-06, 4.3165e-06, -5.0499e-05, -0.00011528, 7.0177e-05, 3.6447e-05, 0.00031283, -0.01128, 0.0018555, -0.049983, 0.12973, -0.18005, -0.21988, 0.025321, 0.097339, -0.13842, -0.010836, -0.039551, -0.13035, -0.065577, 0.040365, -0.066469, -0.34472, 0.029254, 0.001071, 0.82876, 0.14541, 0.047098, -0.10762],
    [1.2094e-08, 7.7344e-06, 4.6083e-06, -5.4794e-05, -0.00013787, 8.3961e-05, 0.00047283, -0.00025692, -0.0096822, -0.0027669, -0.029147, 0.074764, -0.1045, -0.20298, -0.11035, 0.092409, -0.28289, 0.10286, -0.064766, 0.2451, -0.33363, 0.033113, 0.10051, 0.013032, 0.025128, 0.45338, -0.12878, 0.10563, -0.61823, -0.16411],
    [-2.5385e-08, -1.6206e-05, -9.6612e-06, 0.00011437, 0.00030952, -0.0001882, -0.0016958, 0.0015413, 0.002827, 0.0075196, -0.031268, 0.091238, -0.21835, -0.14775, -0.1384, 0.093077, 0.19412, -0.16265, 0.46424, 0.095693, -0.35004, 0.26112, -0.32357, -0.31778, -0.28215, -0.051928, -0.17305, -0.13964, 0.043673, 0.27285],
    [-8.1761e-09, -5.1575e-06, -3.0864e-06, 3.4723e-05, 8.6929e-05, -5.2603e-05, -0.00026653, 0.0001533, -0.0086934, 0.0041204, -0.051816, 0.13715, -0.19616, -0.22056, 0.025141, 0.10237, -0.13638, -0.038766, 0.1587, -0.29368, 0.40836, 0.057534, -0.26277, 0.30791, 0.085529, -0.1918, 0.032704, -0.44781, -0.41069, -0.018451],
    [-2.7436e-08, -1.7552e-05, -1.0457e-05, 0.0001253, 0.0003227, -0.00019662, -0.0012562, 0.00082865, 0.017, 0.0026754, 0.043962, -0.10627, 0.072263, 0.154, -0.20425, -0.045277, 0.39063, -0.2551, -0.077568, 0.060616, -0.33181, -0.13818, -0.025099, 0.27103, -0.26309, -0.14128, 0.24788, -0.26827, -0.14595, -0.48912],
    [-1.4712e-08, -9.6233e-06, -5.693e-06, 8.3083e-05, 0.00023549, -0.00014587, -0.00071876, 0.00028613, 0.012665, 0.0030176, 0.0185, -0.034677, -0.04846, -0.023008, -0.33116, 0.04615, -0.2669, 0.23011, 0.28212, 0.45528, -0.036236, -0.022383, -0.18054, 0.38855, 0.14903, -0.38569, 0.11515, 0.28279, 0.14462, -0.045411],
    [3.6743e-08, 2.3183e-05, 1.3873e-05, -0.00011374, -0.00028034, 0.00016166, 0.0035467, -0.0044147, -0.0056725, -0.012487, 0.00067388, 0.010032, -0.023488, -0.13458, -0.14225, 0.08088, -0.076246, -0.279, 0.26748, 0.22613, 0.059222, -0.20926, 0.20555, -0.083704, 0.45281, 0.32386, -0.00089101, -0.4352, 0.35187, -0.16796],
    [3.5751e-08, 2.208e-05, 1.3304e-05, -0.00012315, -0.00025319, 0.00014863, 0.0011787, -0.0010388, -0.00066794, -0.0043468, -0.0023631, 0.01581, -0.08397, -0.030057, -0.052048, 0.034035, -0.24919, 0.14207, -0.24638, -0.10794, -0.081348, 0.22753, -0.13481, -0.36921, 0.095427, -0.32167, -0.35121, -0.10883, 0.16604, -0.58741],
    [8.821e-07, 0.00056981, 0.00033856, -0.00354, -0.0081773, 0.0048979, 0.026244, -0.014832, -0.0034844, -0.063218, 0.152, -0.31183, 0.14209, 0.43192, -0.12387, -0.092443, -0.049791, -0.017149, -0.1804, 0.14275, -0.01716, 0.39105, -0.34785, -0.11806, 0.36275, 0.11651, 0.18829, -0.22223, -0.16703, 0.20556],
    [2.5231e-06, 0.0016513, 0.00097724, -0.010768, -0.025341, 0.015286, 0.054516, -0.0053217, -0.092263, -0.062314, 0.048713, -0.063277, 0.098699, -0.13882, -0.28725, 0.01949, 0.44567, 0.49461, 0.16153, -0.35067, -0.16649, -0.17865, 0.05351, -0.12085, 0.41344, -0.056752, -0.023297, 0.035893, -0.13795, 0.029698],
    [2.8962e-07, 0.00016003, 9.9581e-05, -0.00049564, -0.0013067, 0.00068141, 0.0020355, -4.05e-05, 0.054284, 0.018543, 0.07358, -0.12131, -0.14222, 0.23371, -0.42759, 0.016032, -0.29545, 0.12132, -0.099663, -0.070759, 0.12113, -0.58348, -0.10831, -0.27133, -0.3224, 0.026479, -0.016837, -0.16298, -0.0379, 0.1682],
    [1.741e-06, 0.00079501, 0.00052771, -0.00075202, -0.0047177, 0.0019714, -0.0029531, 0.01238, 0.10406, 0.08206, 0.020748, 0.062095, -0.35924, 0.38117, 0.26528, -0.0048973, 0.0040325, -0.32659, 0.16529, -0.17385, -0.16615, -0.32466, -0.23566, -0.012414, 0.35878, -0.042515, -0.11289, 0.33358, -0.12661, -0.098568],
    [1.1885e-05, 0.0067892, 0.0041826, -0.032103, -0.083861, 0.048178, 0.171, -0.019558, -0.1368, -0.14473, 0.2037, -0.10528, -0.088346, 0.18891, 0.45968, 0.15989, -0.21464, 0.41995, 0.20326, -0.10952, -0.32442, -0.046352, -0.019268, 0.19863, -0.14559, 0.13663, 0.083603, -0.28179, 0.19137, -0.038614],
    [-3.7837e-06, -0.0024393, -0.0014501, 0.01556, 0.036548, -0.021975, -0.10139, 0.041614, 0.18172, 0.21429, -0.12187, 0.15338, -0.041952, 0.23678, -0.31595, -0.15811, -0.030883, 0.14124, 0.20562, -0.35123, 0.10512, 0.28023, -0.10934, 0.21046, -0.1247, 0.47145, 0.016905, 0.12924, 0.22244, -0.22201],
    [-7.57e-07, -0.00098929, -0.00050238, 0.011809, 0.023319, -0.01513, -0.08626, 0.051221, 0.19799, 0.24042, -0.12262, 0.21959, 0.034342, 0.27337, -0.069922, -0.12141, -0.24375, -0.0075301, 0.11586, -0.12613, -0.28458, 0.14374, 0.55581, -0.029681, 0.089994, -0.33743, 0.073679, -0.21704, -0.12517, 0.20691],
    [1.609e-05, 0.0076491, 0.0049995, -0.022555, -0.068753, 0.036035, 0.10563, 0.009316, -0.035616, 0.022375, 0.068017, 0.077097, 0.75666, -0.10166, -0.027166, 0.12553, -0.31465, -0.26151, 0.17449, -0.26671, -0.16164, -0.11294, -0.22249, -0.014985, -0.013105, -0.014906, -0.023936, 0.10447, -0.028226, -0.013179],
    [-9.8173e-05, -0.044557, -0.02952, 0.12144, 0.36553, -0.18687, -0.53758, -0.037656, 0.26387, -0.019208, -0.39683, -0.31418, 0.13441, -0.016835, 0.16334, 0.33126, 0.0028407, 0.1151, 0.020456, -0.0050144, -0.083056, -0.085409, -0.10262, -0.0003524, 0.018173, 0.0098558, 0.010722, -0.058335, 0.011199, 0.0043913],
    [1.706e-05, 0.006265, 0.0046195, -0.0086655, -0.05362, 0.025627, 0.036514, 0.066349, -0.015603, -0.19629, 0.24552, -0.37858, -0.15199, 0.078613, -0.21399, 0.56344, -0.040378, -0.23438, 0.095672, -0.22729, 0.11292, 0.23842, 0.34376, 0.041882, -0.062905, -0.036544, -0.031082, 0.20291, -0.027841, -0.023917],
    [-0.00025656, -0.045249, -0.048064, -0.00071618, 0.18045, -0.041332, 0.16922, -0.22914, -0.36237, -0.03948, -0.26414, 0.48943, 0.078163, 0.37176, -0.082119, 0.48426, 0.12796, 0.05288, -0.096994, 0.1227, 0.087605, 0.010638, -0.012335, -0.021974, 0.010633, 0.013513, -0.0010689, -0.010838, -0.0025632, 0.0022559],
    [-6.7854e-05, -0.052656, -0.030118, 0.032654, 0.27557, -0.10683, 0.00073175, -0.45416, -0.42882, -0.34255, -0.20605, -0.21134, -0.084381, -0.019817, -0.084698, -0.41069, -0.18371, -0.14962, 0.13291, -0.18229, -0.075, 0.033221, 0.099057, 0.036683, -0.023197, -0.023934, -0.0068163, 0.061535, -0.0055796, -0.0070043],
    [-0.0010077, -0.0863, -0.13398, 0.19916, 0.50955, -0.2155, 0.10452, -0.24701, -0.019549, 0.49357, 0.54491, -0.010975, -0.01013, -0.11222, 0.033724, 0.034246, 0.019731, 0.010803, -0.0074638, 0.0029792, 0.0096824, 0.012459, 0.0063694, -0.0012351, -0.0022385, -0.00078478, -0.00026622, 0.0023264, -0.00021017, -0.00024693],
    [0.0030781, -0.14858, 0.30345, 0.10872, -0.1994, 0.063578, -0.67345, -0.22151, -0.12509, -0.18146, 0.42944, 0.30135, 0.025274, 0.04996, -0.021286, -0.0042899, 0.008653, 0.0065462, -0.0046127, 0.0062154, 0.0033406, -0.0010283, 0.00079558, -0.0004147, 0.001323, 0.0010627, 8.8172e-05, -0.0011435, -1.381e-05, 0.0001679],
    [0.0019048, -0.13491, 0.16283, -0.07589, -0.18182, 0.16385, -0.19064, 0.15675, -0.59268, 0.59873, -0.18578, -0.28074, -0.037498, -0.010039, 0.025053, 0.046411, -0.025372, -0.018884, 0.0098017, -0.0090692, -0.0092161, -0.0053702, -0.006935, 0.00052223, -0.00092285, -0.0011544, -9.2296e-05, 0.00044101, 1.4509e-05, -7.6999e-05],
    [0.0019869, -0.043011, 0.1915, -0.21196, -0.29515, 0.18037, 0.13994, -0.74679, 0.335, 0.23071, -0.12202, -0.14553, -0.0024509, -0.051931, 0.023832, 0.10917, 0.03679, 0.023753, -0.016993, 0.015407, 0.016794, 0.011809, 0.005698, -0.0027968, -0.00029393, 0.0010654, 6.34e-05, -0.00064899, -1.1784e-05, 0.00010896],
    [0.0048284, -0.69672, 0.1704, 0.26749, 0.23443, 0.53045, 0.17823, 0.11288, 0.13405, -0.10349, -0.060415, -0.0066892, 0.0012137, -0.0095564, -0.0015639, -0.025747, -0.00072058, -0.00050185, 0.00027621, -0.00032902, -0.00032902, -0.00012137, -0.00038099, -1.5384e-05, -6.4362e-05, -5.725e-05, -5.2831e-06, 1.7773e-05, 3.1042e-07, -3.1012e-06],
    [-0.00041166, 0.29005, -0.20955, 0.85446, -0.28301, 0.16792, 0.02993, -0.12714, -0.035296, 0.05309, -0.099862, -0.044843, -0.0035979, 0.0092629, 0.00045784, 0.018926, 0.00032874, 0.000367, -1.0204e-05, 2.6377e-05, 1.4442e-05, -6.0907e-05, 0.00032771, 8.053e-05, 7.4863e-05, 3.9398e-05, 4.2731e-06, 1.9712e-06, -1.4112e-08, -1.9066e-07],
    [-0.0029224, -0.2665, 0.5264, 0.27323, -0.21434, -0.67699, 0.24066, 0.072222, 0.029539, -0.0045497, -0.088639, -0.032483, -0.0017291, 0.0025195, -8.3595e-05, 0.0043612, 0.00019855, 0.00018524, -4.2524e-05, 4.4406e-05, 3.9489e-05, 1.7995e-06, 0.00012159, 2.148e-05, 2.6026e-05, 1.6295e-05, 1.6694e-06, -1.793e-06, -3.9755e-08, 3.4865e-07],
    [-0.2898, -0.52772, -0.65761, -0.057371, -0.35828, -0.24966, -0.087553, -0.058432, -0.000853, 0.00034792, 0.0014264, 0.00048401, 2.0735e-05, -9.0926e-06, 5.8089e-06, 9.4512e-06, -1.5898e-06, -1.7514e-06, 1.8273e-07, -5.7426e-08, 8.6179e-09, 1.0993e-07, -8.4318e-07, -2.2127e-07, -2.0769e-07, -1.0658e-07, -1.1738e-08, -3.591e-09, 2.6398e-11, 2.2328e-10],
    [-0.95706, 0.15624, 0.20032, 0.017053, 0.10819, 0.081441, 0.024313, 0.016505, 9.0681e-05, -3.8293e-05, -0.0001037, -3.3873e-05, -1.1087e-06, -9.3944e-07, -7.2627e-07, -4.9143e-06, 1.2281e-07, 1.3046e-07, -2.2962e-08, 3.2255e-09, -7.4432e-10, 4.3206e-09, 2.6767e-08, 7.2992e-09, 7.2092e-09, 3.7118e-09, 4.091e-10, 1.2432e-10, -9.1044e-13, -7.6035e-12]
  ],
  "min_con_prob": 1,
  "max_con_prob": 1,
  "connection_probability": 1,
  "theta_matrix": [
    [0, -1.6958, -0.81404, -2.1509, -0.26315, -0.71762, -0.33901, -2.4485, 2.5854, 1.4942, 1.2335, -3.0337, -0.57454, 1.8341, 2.8434, 0.058715, 2.2466, 1.7779, -0.16845, 1.1932, 0.24107, 1.2959, 1.8987, -2.6116, 2.6564, 0.84786, -0.063846, -0.42529, 1.5952, -1.8649],
    [0, 0, -0.53414, 1.2533, 1.7998, -0.47246, 1.8989, -0.88126, -1.0242, 2.1708, 1.4058, 1.325, 1.6752, 2.8957, 0.71963, -0.94875, -2.1356, 0.78856, 0.69694, -1.4819, -2.1896, 0.76806, -1.9832, -0.37416, -2.9257, -1.0979, -2.562, -2.2995, 0.62439, -0.56923],
    [0, 0, 0, 1.6862, 2.9111, 0.1928, 3.0861, -1.8436, 1.1034, -1.4769, 2.8172, -1.5153, -3.0887, 0.76828, -2.3318, -1.2804, -1.8263, -1.3354, 1.4446, -2.9112, -1.3316, 1.7105, 1.2955, 0.64463, 2.3257, 1.1184, -1.3905, 1.065, 2.8965, -0.96214],
    [0, 0, 0, 0, -2.0312, 2.1774, -1.7197, -0.77486, 0.32938, 1.695, -0.12191, 2.4299, 1.3518, 0.65809, 0.28914, 0.32359, 1.7963, 0.86723, 1.9793, 1.3132, 2.2504, -1.9339, -2.4849, -2.3658, 0.06097, 2.3399, -1.0113, 1.9637, 0.11062, -3.0191],
    [0, 0, 0, 0, 0, -0.0010666, 2.1258, -2.0787, 2.7126, 0.38393, 0.34544, 2.0896, 0.044661, -0.0077364, -0.1438, 2.037, -1.2868, 0.83209, -0.32636, 0.76419, 1.457, 2.1879, 1.0465, 2.2574, 0.58093, 1.7694, -0.17996, 2.3192, -2.4207, 0.89588],
    [0, 0, 0, 0, 0, 0, -0.38517, -0.58193, 0.46143, 1.7648, -2.4549, -1.0956, -2.3109, 0.028853, -1.219, -1.5635, 0.6956, 2.6331, -2.9802, -0.060988, -0.9219, -0.66426, 2.1245, -1.961, -2.1346, 1.5884, 1.4791, 1.8538, -1.6756, 1.2245],
    [0, 0, 0, 0, 0, 0, 0, 2.9343, -1.0101, -0.60998, 1.6655, -3.1047, 1.2697, 3.0432, 0.62522, 0.70333, -0.50586, 0.65432, 2.4469, -2.3767, 0.081626, 0.23873, -2.8409, -1.4872, 0.603, -1.6568, 1.9935, 2.6682, 2.5634, 2.1672],
    [0, 0, 0, 0, 0, 0, 0, 0, 1.5977, 1.7704, 1.4697, 2.5495, 0.41301, -0.34626, -0.35097, -1.1261, -2.813, 1.0594, 1.3361, 1.9095, -0.20151, -0.26548, 1.8105, 1.5093, -1.9748, 2.2898, 2.5335, 1.8954, -1.8362, -1.5619],
    [0, 0, 0, 0, 0, 0, 0, 0, 0, 1.8188, -1.5738, -0.074183, -0.25752, 2.7685, 1.3385, 2.3693, 2.1217, 0.83706, -0.6198, -1.2472, 0.43197, -3.0166, -2.9367, 0.17861, -0.38275, -2.3009, 0.51164, -1.7218, 2.1538, -0.66462],
    [0, 0, 0, 0, 0, 0, 0, 0, 0, 0, 0.565, 1.2953, 1.7912, -1.653, -2.7983, 1.4845, 3.001, -2.1055, 0.29313, 3.0209, -1.3573, -2.6662, -2.3926, 0.16517, -1.053, -2.654, -2.0648, -0.48495, -1.937, 2.8044],
    [0, 0, 0, 0, 0, 0, 0, 0, 0, 0, 0, -1.4167, 1.327, 2.5291, 2.0406, 2.8592, -2.571, -1.3459, 1.4119, -0.15077, -1.7728, -1.8105, -0.79223, 0.93014, 1.5061, 1.7663, 0.31678, 1.8066, 0.13222, -1.8899],
    [0, 0, 0, 0, 0, 0, 0, 0, 0, 0, 0, 0, 0.67643, 0.347, 0.33956, -1.6237, 2.5368, 2.3854, -2.5041, -2.7352, -0.72052, 2.8646, 0.75459, 1.9431, -1.6218, -2.0256, -0.80293, -3.1355, -1.9181, 1.7225],
    [0, 0, 0, 0, 0, 0, 0, 0, 0, 0, 0, 0, 0, -1.1262, 0.76836, -2.8104, -0.40008, 1.4382, -1.558, 0.2565, 1.6766, -1.2998, -2.0291, -1.6075, 2.9104, -1.7063, -1.4996, 0.70182, 0.9984, -2.9258],
    [0, 0, 0, 0, 0, 0, 0, 0, 0, 0, 0, 0, 0, 0, 0.01588, -0.22192, 1.623, 0.0082669, -0.3101, -2.4436, 0.84401, 2.0458, -2.7681, 0.8309, -2.0627, -2.2047, 0.46169, -0.62056, 1.9934, 0.18678],
    [0, 0, 0, 0, 0, 0, 0, 0, 0, 0, 0, 0, 0, 0, 0, -0.21376, 1.0143, 0.58549, 0.92677, 0.2346, 0.61326, 2.1706, 1.6845, 1.7983, 1.7102, -0.78267, 0.93551, 2.3301, 2.0383, 0.14662],
    [0, 0, 0, 0, 0, 0, 0, 0, 0, 0, 0, 0, 0, 0, 0, 0, -1.0206, -2.9316, -0.65487, 1.0917, -2.9289, -0.88019, -0.236, 0.92685, 0.084404, 1.5586, 1.2853, -2.5912, 1.8278, 1.5336],
    [0, 0, 0, 0, 0, 0, 0, 0, 0, 0, 0, 0, 0, 0, 0, 0, 0, -2.0393, 2.455, 2.0304, 2.3452, -2.6963, -2.5074, -0.048936, 2.6694, 3.0404, -0.10726, -2.8781, -2.9623, -2.406],
    [0, 0, 0, 0, 0, 0, 0, 0, 0, 0, 0, 0, 0, 0, 0, 0, 0, 0, -1.5345, 0.97913, -2.2352, -2.5756, 0.63109, 0.90064, -3.1066, 2.7564, 0.13737, 0.57435, 0.55824, 1.8494],
    [0, 0, 0, 0, 0, 0, 0, 0, 0, 0, 0, 0, 0, 0, 0, 0, 0, 0, 0, -2.964, 1.6183, -0.22371, -2.2218, 0.1681, 2.5443, 0.25453, -0.6549, -0.20586, -1.0134, 2.4788],
    [0, 0, 0, 0, 0, 0, 0, 0, 0, 0, 0, 0, 0, 0, 0, 0, 0, 0, 0, 0, 1.0824, 2.7996, 1.5069, -0.79063, 2.5951, 1.9833, 0.99263, 2.4858, 2.9829, 3.0317],
    [0, 0, 0, 0, 0, 0, 0, 0, 0, 0, 0, 0, 0, 0, 0, 0, 0, 0, 0, 0, 0, -0.15402, -0.42536, 2.316, -0.29503, 1.0902, 2.8773, -1.8474, -0.056244, 0.02546],
    [0, 0, 0, 0, 0, 0, 0, 0, 0, 0, 0, 0, 0, 0, 0, 0, 0, 0, 0, 0, 0, 0, -2.0277, 0.56744, -2.0153, 2.5311, 1.0637, 2.4634, 1.4796, -0.14836],
    [0, 0, 0, 0, 0, 0, 0, 0, 0, 0, 0, 0, 0, 0, 0, 0, 0, 0, 0, 0, 0, 0, 0, 0.77062, -0.79242, 1.583, 2.4726, 1.2017, 1.187, -1.9581],
    [0, 0, 0, 0, 0, 0, 0, 0, 0, 0, 0, 0, 0, 0, 0, 0, 0, 0, 0, 0, 0, 0, 0, 0, -2.9621, 1.5622, 1.4275, -0.84681, 1.6088, 2.4094],
    [0, 0, 0, 0, 0, 0, 0, 0, 0, 0, 0, 0, 0, 0, 0, 0, 0, 0, 0, 0, 0, 0, 0, 0, 0, 2.2793, -1.6594, 2.0657, -1.4952, -2.049],
    [0, 0, 0, 0, 0, 0, 0, 0, 0, 0, 0, 0, 0, 0, 0, 0, 0, 0, 0, 0, 0, 0, 0, 0, 0, 0, 2.7712, 1.6883, 0.10744, 1.4561],
    [0, 0, 0, 0, 0, 0, 0, 0, 0, 0, 0, 0, 0, 0, 0, 0, 0, 0, 0, 0, 0, 0, 0, 0, 0, 0, 0, 1.0639, -1.7252, 1.2753],
    [0, 0, 0, 0, 0, 0, 0, 0, 0, 0, 0, 0, 0, 0, 0, 0, 0, 0, 0, 0, 0, 0, 0, 0, 0, 0, 0, 0, 1.4787, 1.5093],
    [0, 0, 0, 0, 0, 0, 0, 0, 0, 0, 0, 0, 0, 0, 0, 0, 0, 0, 0, 0, 0, 0, 0, 0, 0, 0, 0, 0, 0, -3.0224],
    [0, 0, 0, 0, 0, 0, 0, 0, 0, 0, 0, 0, 0, 0, 0, 0, 0, 0, 0, 0, 0, 0, 0, 0, 0, 0, 0, 0, 0, 0]
  ],
  "optimum_value": -234.28,
  "optimum_position": [
    47.775, 43.846, 73.353, -60.045, -25.239,
    -17.275, -63.385, -67.087, 21.742, -40.996,
    -32.022, 53.735, -15.859, 77.479, -21.799,
    14.856, 23.002, -39.365, -36.957, -50.479,
    75.027, 49.838, 12.804, -57.653, 1.3696,
    -79.562, 35.602, 43.663, 64.601, -42.697
  ],
  "fe_history": [],
  "fe": 0,
  "acceptance_reach_point": "Infinity",
  "best_found_result": "Infinity"
}