{
  "max_evals": 500000,
  "acceptance_threshold": 1.0000e-08,
  "dimension": 30,
  "o": 1,
  "min_coordinate": -100,
  "max_coordinate": 100,
  "min_rand_optima_pos": -80,
  "max_rand_optima_pos": 80,
  "min_exclusive_range": -60,
  "max_exclusive_range": 60,
  "component_positioning_method": 2,
  "component_minimum_position": [
    68.152, -58.681, 70.356, -72.944, -14.548,
    54.881, 36.197, 35.348, -35.625, -12.606,
    14.328, -17.738, 0.95604, 6.4559, 51.883,
    35.996, 25.678, -74.259, -55.138, 61.844,
    42.521, -51.138, -69.575, -53.963, 53.985,
    75.697, 40.817, 45.537, -75.298, 59.942
  ],
  "min_sigma": -1200,
  "max_sigma": 0,
  "component_sigma": -382.62,
  "h_pattern": 3,
  "lb_h": 1,
  "ub_h": 10,
  "component_h": [
    4.1414, 5.4962, 9.5505, 1.4868, 2.7253,
    2.3514, 5.8442, 3.1206, 1.6906, 5.635,
    8.5263, 7.1375, 1.3305, 1.4074, 5.8428,
    2.2728, 7.3651, 3.227, 4.9596, 6.5826,
    9.7546, 2.7731, 9.2066, 4.157, 2.4573,
    4.7878, 8.5733, 1.3941, 2.2327, 6.3095
  ],
  "max_mu": 0,
  "min_mu": 0,
  "max_omega": 0,
  "min_omega": 0,
  "local_modality_symmetry": 1,
  "mu": [
    0, 0
  ],
  "omega": [
    0, 0, 0, 0
  ],
  "max_lambda": 1,
  "min_lambda": 1,
  "lambda_config_method": 1,
  "lambda_value_4_all": 1,
  "lambda": 1,
  "min_angle": -3.1416,
  "max_angle": 3.1416,
  "rotation": 1,
  "rotation_matrix": [
    [1.7523e-11, -1.2102e-06, 6.8193e-06, 3.3282e-06, 1.8388e-05, 0.00032459, 0.0030723, 0.016604, -0.0098019, -0.069444, 0.041589, -0.082573, 0.047787, -0.052596, -0.025324, 0.019486, -0.0074793, -0.040284, 0.11267, -0.24872, 0.096433, -0.075361, 0.24972, 0.36224, 0.0066086, 0.34068, -0.017457, 0.75727, -0.0082331, -0.073765],
    [-4.5433e-12, 3.1377e-07, -1.7681e-06, -8.7644e-07, -4.7512e-06, -8.1823e-05, -0.00076022, -0.0054975, 0.0031098, 0.023947, -0.015095, 0.027484, -0.017025, 0.026263, 0.021429, -0.15114, -0.11448, -0.029598, -0.17535, 0.17423, -0.1615, -0.14691, 0.12988, 0.42533, -0.15787, -0.56587, 0.19516, 0.074619, -0.3593, -0.36839],
    [1.0357e-11, -7.1526e-07, 4.0304e-06, 1.9534e-06, 1.0884e-05, 0.00019599, 0.0018747, 0.0084428, -0.0051769, -0.034791, 0.020183, -0.042803, 0.023564, -0.01961, -0.00040082, -0.10521, -0.093013, -0.14278, 0.22987, -0.11306, 0.07038, -0.17779, 0.11798, -0.068398, -0.30858, -0.31006, -0.28258, -0.0081123, 0.68816, -0.29964],
    [2.2497e-11, -1.5537e-06, 8.7546e-06, 4.2023e-06, 2.3692e-05, 0.00042727, 0.0041136, 0.015226, -0.0093599, -0.055354, 0.033799, -0.07572, 0.021126, -0.015737, 0.067689, -0.19183, -0.017453, -0.35401, 0.35797, -0.10828, 0.046837, -0.058323, -0.35753, -0.36304, 0.05507, -0.37331, 0.2166, 0.35656, -0.18548, 0.25707],
    [-3.5801e-11, 2.4725e-06, -1.3932e-05, -6.7346e-06, -3.7647e-05, -0.00067204, -0.0064223, -0.028399, 0.017019, 0.11029, -0.067065, 0.14059, -0.059283, 0.063479, -0.039891, 0.05665, -0.067962, 0.10188, -0.44735, -0.23062, -0.20242, 0.17566, -0.54935, 0.1869, 0.17836, -0.20461, -0.25225, 0.26043, 0.2506, 0.072854],
    [-1.1226e-11, 7.7439e-07, -4.3623e-06, -2.0272e-06, -1.1886e-05, -0.00020117, -0.0019313, -0.0060783, 0.0038358, 0.019801, -0.0069465, 0.024224, -0.01788, -0.0079756, -0.019248, 0.093802, 0.057489, 0.15346, -0.014301, 0.15977, -0.004668, 0.24357, -0.029829, -0.52378, 0.061047, 0.023703, -0.28882, 0.27035, -0.24212, -0.61869],
    [4.4055e-12, -2.9897e-07, 1.6778e-06, 4.8853e-07, 4.9226e-06, -1.9992e-05, -0.00035993, 0.0032915, -0.00096369, -0.007051, 0.007789, -0.0062378, -0.01158, 0.0082081, 0.057054, 0.10735, 0.22584, 0.14835, -0.24897, 0.25744, -0.058498, 0.032588, -0.025203, -0.18845, -0.14205, 0.038866, 0.69951, 0.23614, 0.41224, -0.079039],
    [-1.0709e-11, 7.1527e-07, -4.0114e-06, -1.9231e-06, -1.085e-05, -0.00015259, -0.0013423, -0.013171, 0.0069548, 0.052758, -0.044493, 0.069031, 0.0046121, 0.03128, -0.082497, 0.39626, 0.14935, 0.1958, 0.19503, -0.57469, 0.35664, -0.0090426, -0.13261, 0.085583, 0.087003, -0.15925, 0.29232, -0.19631, -0.075971, -0.28564],
    [1.2883e-11, -9.2116e-07, 5.1659e-06, 3.5284e-06, 1.2695e-05, 0.00054843, 0.0057174, 0.011799, -0.0081378, -0.039167, 0.052673, -0.10084, -0.076008, -0.070297, 0.18112, -0.061927, 0.50111, -0.43755, -0.055191, 0.16706, 0.086126, -0.1762, -0.11352, 0.18512, 0.52736, 0.061061, -0.054252, -0.10318, 0.11225, -0.26602],
    [2.4102e-11, -1.9479e-06, 1.1556e-05, 4.9319e-06, 3.2281e-05, 0.00046299, 0.0044506, 0.0030068, -0.0033416, 0.0090508, -0.043573, 0.022788, 0.066627, 0.10864, -0.0039127, -0.16762, -0.32406, 0.071363, 0.4975, 0.26155, -0.085391, 0.29803, -0.38845, 0.30791, 0.092972, 0.24185, 0.17807, -0.082134, 0.1207, -0.25516],
    [-1.8387e-11, 8.2524e-06, -5.9494e-05, -2.2688e-05, -0.00017402, -0.0015344, -0.013616, 0.0011135, 0.0019906, -0.083547, 0.075479, -0.027685, 0.10075, -0.083413, 0.023104, -0.21307, -0.40314, -0.21441, -0.26025, -0.4128, -0.32366, -0.24945, -0.012088, -0.22729, 0.12919, 0.29028, 0.23164, -0.15761, -0.017965, -0.27952],
    [-1.1678e-10, 4.8976e-06, -4.2456e-05, -1.7966e-05, -0.00012453, -0.0015207, -0.014566, 0.0090654, 0.00010216, -0.081628, 0.041456, 0.021435, 0.15243, 0.10082, 0.23071, 0.19996, 0.13069, 0.099549, 0.021041, 0.11206, -0.044607, -0.56498, -0.4636, 0.037247, -0.42958, 0.23172, -0.14703, 0.0065209, -0.15543, -0.052027],
    [2.4664e-09, -1.543e-05, 7.8154e-05, -1.8656e-05, 0.00027553, -0.010098, -0.11647, -0.073599, 0.089025, -0.0060021, 0.30075, 0.37756, -0.26775, -0.41098, -0.017291, 0.34447, -0.066917, -0.45427, 0.0031714, 0.036316, -0.048661, 0.24385, -0.061958, 0.075222, -0.29346, 0.081184, 0.025532, -0.028842, -0.043313, -0.028682],
    [3.7051e-07, -2.0071e-05, 0.0001287, 4.6308e-05, 0.00032363, 0.0067376, 0.067735, 0.078828, -0.062014, -0.080175, -0.061052, -0.35029, -0.029875, 0.068571, -0.10044, -0.3673, 0.34413, -0.16565, -0.16496, -0.23693, 0.067353, 0.40298, -0.15398, 0.077171, -0.47501, 0.13706, 0.0021938, -0.11251, -0.10812, -0.085304],
    [-2.5848e-05, 0.00014733, 0.00038397, 0.0013615, 0.0036826, 0.010351, 0.029909, -0.10193, 0.04061, 0.51462, -0.3416, 0.24523, -0.47862, 0.15383, -0.15186, -0.2485, -0.065314, -0.11319, -0.04285, 0.036315, 0.28151, -0.23633, -0.035006, -0.067896, -0.083359, 0.18008, 0.048118, 0.050206, -0.02184, -0.043116],
    [-0.00035638, 0.0039651, -0.014165, 0.011937, -0.008791, -0.0062859, -0.097148, 0.093439, 0.093483, -0.24248, 0.2569, 0.34525, 0.34943, 0.3189, -0.552, -0.12029, -0.0071237, -0.1441, -0.16784, 0.1325, 0.3335, -0.056506, -0.051251, -0.01482, 0.031545, 0.01764, 0.0088597, 0.01264, 0.0040237, -0.016886],
    [-0.00034067, 0.0028185, -0.0033884, 0.014953, 0.022795, 0.04774, -0.1034, 0.068525, 0.087651, -0.23944, 0.41363, -0.32892, -0.55253, -0.20702, -0.25468, -0.13424, -0.10059, 0.33317, -0.01288, 0.058107, 0.13409, -0.18376, -0.15362, 0.010962, 0.074294, -0.022027, -0.0057447, -0.0082621, 0.0037085, -0.00133],
    [0.0014079, -0.012591, 0.023103, -0.05874, -0.066283, -0.15509, 0.34692, 0.28959, -0.46447, -0.19485, -0.27847, -0.032985, -0.18388, 0.0014166, -0.4533, 0.27327, 0.014781, -0.13597, 0.082353, 0.064653, -0.27173, -0.11273, -0.020248, -0.0049427, 0.014673, 0.0025734, 0.0017519, 0.0023516, 0.0015067, -0.00389],
    [-9.4491e-05, 0.0016258, -0.00017809, 0.0051494, 0.010094, 0.025042, 0.034563, -0.15373, 0.0085013, 0.13904, -0.29302, -0.23156, 0.38167, -0.66721, -0.25506, 0.0029186, -0.12201, 0.005372, -0.12661, 0.15868, 0.2739, -0.072349, -0.15028, 0.023367, -0.0015419, -0.0089123, 0.00067215, -0.0021857, -0.00079198, -0.0045703],
    [0.002052, -0.032997, 0.044329, -0.090705, -0.087775, -0.22057, 0.32338, 0.1913, -0.444, 0.050703, 0.25793, 0.012753, 0.0080478, 0.0083334, 0.3898, -0.019994, -0.29497, -0.012214, -0.21422, 0.059617, 0.47654, 0.085277, -0.035838, 0.003955, 0.0010293, -0.0051105, 0.0011789, 0.0018891, 0.002041, -0.0041925],
    [0.0004181, -0.00016782, -0.018138, -0.025793, -0.093945, -0.16795, 0.20573, 0.097853, -0.12632, 0.17223, 0.23383, 0.44583, 0.10889, -0.35797, -0.052912, -0.41101, 0.34222, 0.30876, 0.16546, -0.1227, -0.19996, -0.065161, 0.00013572, 0.0028278, 0.0057011, 0.0056204, -0.0028392, -0.0054865, -0.0043975, 0.0065678],
    [-0.0054271, 0.1529, -0.26225, 0.21755, -0.11601, 0.045964, 0.26829, 0.41292, 0.45027, -0.37666, -0.33615, 0.20654, -0.098448, -0.13895, 0.20574, -0.065696, -0.060729, 0.038951, -0.048743, -0.0062521, 0.13481, 0.02688, -0.0029125, -7.488e-05, 0.0017619, 0.00013192, 0.00018043, 0.00029529, 0.000182, -0.00058111],
    [-0.0014263, 0.13039, -0.068587, 0.1191, 0.12453, 0.20857, -0.31487, -0.33272, -0.51023, -0.45672, -0.25383, 0.27632, -0.10529, -0.087558, 0.12764, -0.16702, 0.023839, 0.094065, -0.022295, -0.028111, 0.10807, 0.01356, -0.00096653, -0.0010367, 0.0055157, 0.0020701, -3.2401e-05, -7.1398e-05, -0.00032472, -6.7419e-05],
    [-0.01058, 0.4083, -0.5209, 0.50724, -0.084293, 0.25591, 0.053424, 0.028286, -0.21459, 0.29769, 0.22514, -0.1241, 0.066473, 0.062201, -0.07986, 0.083088, -0.0084463, -0.047894, 0.011964, 0.014834, -0.056404, -0.0080887, 7.9055e-05, 0.00051154, -0.0025585, -0.0010297, 2.4704e-05, 5.4907e-05, 0.0001777, -9.4935e-06],
    [0.018978, 0.56213, 0.36073, -0.35415, 0.24415, 0.51546, 0.30252, 0.039664, 0.037476, 0.019994, 0.071895, 0.048615, 0.017117, -0.0064177, -0.003016, 0.0029122, 0.001037, -0.002172, 0.0010518, 0.00064584, -0.0036846, -0.00074072, -8.6781e-06, 1.368e-05, -7.3522e-05, -3.1935e-05, 4.8851e-07, 1.9082e-06, 5.8697e-06, -1.5376e-07],
    [-0.015754, -0.49914, -0.12352, 0.21052, 0.73417, 0.23929, 0.29212, 0.041629, -0.013025, 0.017231, 0.064191, 0.053044, 0.014372, -0.010025, 0.00063313, 0.0014433, 0.00042792, -0.0010901, 0.00060823, 0.00029693, -0.002, -0.00042304, 1.467e-06, 4.4689e-06, -2.5491e-05, -1.183e-05, 1.8683e-07, 8.3028e-07, 2.3038e-06, -2.1965e-07],
    [-0.0013303, 0.060208, -0.11372, 0.03328, -0.10084, -0.20102, 0.56358, -0.72238, 0.16329, -0.20679, 0.079921, -0.021072, -0.051743, 0.10349, -0.049116, 0.0094687, 0.00491, -0.0069891, 0.0016081, 0.0026104, -0.0084383, -0.0012383, -0.0001391, 9.3336e-05, -0.00047115, -0.0001898, 2.9133e-06, 9.011e-06, 3.2379e-05, 1.9596e-06],
    [0.014123, 0.1758, 0.65602, 0.68281, 0.10869, -0.24385, 0.013855, 0.011502, 0.026154, 0.0010004, -0.0035936, -0.0032238, 0.00062362, -0.00038388, 0.00033752, -0.00015357, -9.6318e-06, 5.6718e-05, -5.5333e-05, -1.5274e-05, 0.00015807, 3.7959e-05, -8.9469e-08, 2.9394e-09, -1.2055e-08, -8.1186e-10, 1.4759e-12, -7.0606e-10, -6.5471e-10, 9.5448e-10],
    [-0.001481, 0.43791, -0.25063, -0.177, 0.56716, -0.60162, -0.15234, 0.041858, 0.050572, 0.013285, -0.037896, -0.036491, -0.00049762, 0.00072057, -0.00022737, 8.1378e-05, 2.7133e-06, -2.6962e-05, 2.7146e-05, 7.5492e-06, -7.7431e-05, -1.863e-05, -1.1529e-08, 8.3679e-09, -2.4468e-08, -1.4942e-09, 2.032e-12, -1.3301e-09, -1.2278e-09, 1.7905e-09],
    [-0.99952, 0.014869, 0.025746, -0.0071867, -0.00508, -0.00028501, 0.00054291, -0.00010564, -0.00013483, -3.3253e-05, 9.566e-05, 9.2152e-05, 1.1367e-06, -1.7516e-06, 5.4248e-07, -2.0057e-07, -7.1856e-09, 6.7621e-08, -6.7662e-08, -1.8791e-08, 1.9306e-07, 4.6433e-08, 3.2989e-12, -1.6166e-11, 4.6417e-11, 2.8185e-12, -2.6776e-15, 2.5121e-12, 2.319e-12, -3.3819e-12]
  ],
  "min_con_prob": 1,
  "max_con_prob": 1,
  "connection_probability": 1,
  "p": [
    [0, -0.25368, 0.51966, 0.82322, 2.2793, 0.23376, -0.090653, 0.21661, -0.253, 2.7036, -0.31291, -1.098, 1.5177, -1.5775, -1.5851, 1.6432, 0.76155, 1.9081, 3.0783, 2.2004, -2.9784, 1.1281, 0.23315, -2.099, -2.144, 0.609, -3.0933, 0.47338, -0.047773, -1.5398],
    [0, 0, 0.32334, 1.3895, -2.8593, -1.5631, 1.4044, 1.7923, -2.2194, 1.4154, -1.61, 0.4821, -0.71212, -2.1326, -2.3683, -1.7539, 1.772, -2.6537, -0.764, -1.7015, -2.5729, -1.8562, 1.9458, -0.48076, -1.4083, -0.38331, 3.0297, 0.079046, -0.55351, 2.6416],
    [0, 0, 0, -0.79631, 0.83368, -1.2557, 2.7605, 1.5405, -1.661, 1.2496, 0.41278, -1.5829, -0.58954, 1.084, -2.3477, 1.2365, 0.63768, -2.0428, 1.6076, -2.5753, 1.9806, 3.0768, 1.8823, -0.19825, 3.0856, -2.0813, -2.842, 1.0948, 0.098672, -1.2406],
    [0, 0, 0, 0, -1.0717, 1.1619, -1.9558, 1.6878, -1.4471, -2.6643, 2.8251, 1.9599, -1.2903, -1.8982, 0.5517, 1.9444, 0.37867, -0.080627, 2.7264, 1.2114, 2.5721, 1.9375, 2.1851, -1.4173, 2.0969, 1.768, -2.4795, 1.7258, 2.4339, 2.19],
    [0, 0, 0, 0, 0, -1.2022, 0.1883, 1.7062, 1.4921, 0.040921, -1.7725, 2.4059, -1.2614, -0.16217, 2.4623, -1.429, 1.0658, -1.4493, 1.9645, 1.9792, -2.7128, -2.8202, -1.9455, -1.193, 1.5718, -1.9221, -0.26725, -1.9953, 2.8595, -1.6983],
    [0, 0, 0, 0, 0, 0, 1.5182, 2.4136, -2.155, 1.6522, -0.38641, 2.1012, 0.96175, 2.843, -2.5606, 0.053407, -1.9767, -1.3182, -0.31636, 0.82651, 0.9442, 3.0803, -1.8832, 1.0879, -2.8772, 3.1336, -2.7998, 0.80988, -1.5351, 0.453],
    [0, 0, 0, 0, 0, 0, 0, -0.28675, 1.4021, -1.3081, 1.6898, -0.9347, -2.8738, 1.8258, -0.10376, -0.48825, -2.2109, 2.8989, -3.1292, 1.7142, 0.33499, -2.6115, 1.7195, -2.9528, -2.9718, 0.26769, -1.3252, 1.2191, -1.6734, -1.9547],
    [0, 0, 0, 0, 0, 0, 0, 0, 0.60281, -0.0089487, -2.2561, -2.224, 0.63481, 1.0549, 2.421, -2.7981, -1.6751, -0.99238, 2.8071, 0.82377, -1.8439, -0.52795, 0.41176, 0.97505, -0.08036, -3.0827, 1.1182, -1.4306, -2.7008, -0.5026],
    [0, 0, 0, 0, 0, 0, 0, 0, 0, -1.2455, 2.5956, 0.65852, -0.28269, 2.2402, 2.8724, 1.5181, 2.4291, 2.1105, -0.9463, 2.4546, -0.47252, 2.4382, -1.452, 0.1348, -2.9393, -0.5102, -2.836, 2.6897, -1.5099, -0.77761],
    [0, 0, 0, 0, 0, 0, 0, 0, 0, 0, -0.66501, 3.1184, -0.7287, -1.3259, 3.0836, 1.9397, 0.79696, -0.97645, -2.9089, 3.0961, -0.17214, 1.6469, -0.12972, -0.13378, -2.5037, -1.627, -0.26407, -0.97232, -2.047, -2.8963],
    [0, 0, 0, 0, 0, 0, 0, 0, 0, 0, 0, 1.908, 1.3888, 1.7468, -0.86759, 0.23959, 0.98755, 1.3914, -1.6058, -2.0498, -3.0694, 1.0873, 1.0974, 1.3854, 0.39769, -2.8077, 0.45715, 0.86759, -2.9684, -2.3377],
    [0, 0, 0, 0, 0, 0, 0, 0, 0, 0, 0, 0, -2.5708, -3.0218, 0.53607, 1.6294, -1.2164, -1.9855, 2.9087, 0.31032, 0.2824, 0.21169, 1.1576, 1.1828, -0.45362, 1.358, -1.8896, 2.6754, -2.0454, 1.5944],
    [0, 0, 0, 0, 0, 0, 0, 0, 0, 0, 0, 0, 0, 2.347, -0.72303, -2.8834, -1.5139, 1.1684, -0.22764, -2.3876, 1.7744, -0.96148, 2.0194, -2.7344, 1.8276, -1.153, -1.9719, 3.0199, 1.7622, -0.54908],
    [0, 0, 0, 0, 0, 0, 0, 0, 0, 0, 0, 0, 0, 0, -2.2879, -1.9964, 0.61001, 0.46655, -2.3611, 1.6785, 2.6042, 2.5129, -0.85034, 1.8864, -1.4201, 2.0173, -2.4964, -1.5788, 2.6406, 1.9106],
    [0, 0, 0, 0, 0, 0, 0, 0, 0, 0, 0, 0, 0, 0, 0, 0.42159, -1.7912, 1.4318, 1.0523, -1.7083, -2.8523, 2.0041, 1.0854, -2.8954, -1.4297, 1.6614, -2.7093, 2.7769, 1.3923, 1.0675],
    [0, 0, 0, 0, 0, 0, 0, 0, 0, 0, 0, 0, 0, 0, 0, 0, 2.7363, -0.3965, -3.0544, -2.4447, 1.8333, 2.8016, 0.33349, -2.9719, -0.59174, -2.729, -2.0798, 2.5703, -1.2666, -0.73626],
    [0, 0, 0, 0, 0, 0, 0, 0, 0, 0, 0, 0, 0, 0, 0, 0, 0, 2.8203, 1.8782, 2.9457, -0.38083, -0.6311, -0.58801, 0.16252, 1.0884, 1.3366, -2.7595, -1.5647, 0.82597, -0.032473],
    [0, 0, 0, 0, 0, 0, 0, 0, 0, 0, 0, 0, 0, 0, 0, 0, 0, 0, 0.21949, -0.32969, 1.2857, -1.6737, -0.64114, 1.4753, 3.0253, -1.9166, 0.32471, -2.5067, 1.6976, 2.8309],
    [0, 0, 0, 0, 0, 0, 0, 0, 0, 0, 0, 0, 0, 0, 0, 0, 0, 0, 0, 2.0731, 0.68727, 1.4025, 0.70924, 0.035027, -0.64413, 1.7377, 1.9346, -0.86484, -0.36127, 2.8145],
    [0, 0, 0, 0, 0, 0, 0, 0, 0, 0, 0, 0, 0, 0, 0, 0, 0, 0, 0, 0, 2.6022, 1.1881, -2.7561, -1.2964, 1.5367, -1.5681, 1.9122, 2.6617, 0.7505, -0.094353],
    [0, 0, 0, 0, 0, 0, 0, 0, 0, 0, 0, 0, 0, 0, 0, 0, 0, 0, 0, 0, 0, 0.27247, 1.6619, -1.9718, 2.2414, -0.60478, 0.82424, 2.1694, 0.46338, 1.3348],
    [0, 0, 0, 0, 0, 0, 0, 0, 0, 0, 0, 0, 0, 0, 0, 0, 0, 0, 0, 0, 0, 0, -1.6735, 1.0225, 1.0996, 2.4083, 0.2623, -1.5198, 2.5305, 1.5697],
    [0, 0, 0, 0, 0, 0, 0, 0, 0, 0, 0, 0, 0, 0, 0, 0, 0, 0, 0, 0, 0, 0, 0, 2.778, 1.7561, 0.98632, -0.2065, -1.4098, 1.5858, 0.066591],
    [0, 0, 0, 0, 0, 0, 0, 0, 0, 0, 0, 0, 0, 0, 0, 0, 0, 0, 0, 0, 0, 0, 0, 0, 1.9599, -2.6295, 2.8911, -1.2675, -1.4768, -0.33293],
    [0, 0, 0, 0, 0, 0, 0, 0, 0, 0, 0, 0, 0, 0, 0, 0, 0, 0, 0, 0, 0, 0, 0, 0, 0, -2.2965, -1.3201, -2.63, -1.7004, 1.6903],
    [0, 0, 0, 0, 0, 0, 0, 0, 0, 0, 0, 0, 0, 0, 0, 0, 0, 0, 0, 0, 0, 0, 0, 0, 0, 0, -0.83922, -2.0839, 1.2164, -0.53013],
    [0, 0, 0, 0, 0, 0, 0, 0, 0, 0, 0, 0, 0, 0, 0, 0, 0, 0, 0, 0, 0, 0, 0, 0, 0, 0, 0, 0.71903, -1.6775, 0.0005568],
    [0, 0, 0, 0, 0, 0, 0, 0, 0, 0, 0, 0, 0, 0, 0, 0, 0, 0, 0, 0, 0, 0, 0, 0, 0, 0, 0, 0, 0.76608, -2.5919],
    [0, 0, 0, 0, 0, 0, 0, 0, 0, 0, 0, 0, 0, 0, 0, 0, 0, 0, 0, 0, 0, 0, 0, 0, 0, 0, 0, 0, 0, 2.5405],
    [0, 0, 0, 0, 0, 0, 0, 0, 0, 0, 0, 0, 0, 0, 0, 0, 0, 0, 0, 0, 0, 0, 0, 0, 0, 0, 0, 0, 0, 0]
  ],
  "optimum_value": -382.62,
  "optimum_position": [
    68.152, -58.681, 70.356, -72.944, -14.548,
    54.881, 36.197, 35.348, -35.625, -12.606,
    14.328, -17.738, 0.95604, 6.4559, 51.883,
    35.996, 25.678, -74.259, -55.138, 61.844,
    42.521, -51.138, -69.575, -53.963, 53.985,
    75.697, 40.817, 45.537, -75.298, 59.942
  ],
  "fe_history": [],
  "fe": 0,
  "acceptance_reach_point": "Infinity",
  "best_found_result": "Infinity"
}