{
  "max_evals": 500000,
  "acceptance_threshold": 1.0000e-08,
  "dimension": 30,
  "o": 1,
  "min_coordinate": -100,
  "max_coordinate": 100,
  "min_rand_optima_pos": -80,
  "max_rand_optima_pos": 80,
  "min_exclusive_range": -60,
  "max_exclusive_range": 60,
  "component_positioning_method": 2,
  "component_minimum_position": [
    -55.831, -10.17, 62.538, -54.437, -61.015,
    51.553, -70.708, -42.841, 15.193, 33.833,
    -10.727, -3.2127, -66.091, 17.606, -35.149,
    67.027, -41.885, 40.105, 32.823, -60.355,
    -46.604, -48.453, 45.493, 8.1842, 1.2776,
    38.812, 60.398, -68.793, -19.788, -25.316
  ],
  "min_sigma": -1200,
  "max_sigma": 0,
  "component_sigma": -186.86,
  "h_pattern": 5,
  "lb_h": 0.1000,
  "ub_h": 1000000,
  "h_values": [
    0.1, 34483, 68966, 1.0345e+05, 1.3793e+05,
    1.7241e+05, 2.069e+05, 2.4138e+05, 2.7586e+05, 3.1034e+05,
    3.4483e+05, 3.7931e+05, 4.1379e+05, 4.4828e+05, 4.8276e+05,
    5.1724e+05, 5.5172e+05, 5.8621e+05, 6.2069e+05, 6.5517e+05,
    6.8966e+05, 7.2414e+05, 7.5862e+05, 7.931e+05, 8.2759e+05,
    8.6207e+05, 8.9655e+05, 9.3103e+05, 9.6552e+05, 1e+06
  ],
  "component_h": [
    1.7241e+05, 6.2069e+05, 68966, 3.7931e+05, 8.9655e+05,
    9.6552e+05, 3.4483e+05, 2.4138e+05, 5.1724e+05, 2.7586e+05,
    1e+06, 7.2414e+05, 9.3103e+05, 7.931e+05, 34483,
    6.8966e+05, 7.5862e+05, 1.3793e+05, 5.8621e+05, 4.1379e+05,
    8.6207e+05, 2.069e+05, 8.2759e+05, 4.4828e+05, 0.1,
    3.1034e+05, 5.5172e+05, 1.0345e+05, 6.5517e+05, 4.8276e+05
  ],
  "max_mu": 0,
  "min_mu": 0,
  "max_omega": 0,
  "min_omega": 0,
  "local_modality_symmetry": 1,
  "mu": [
    0, 0
  ],
  "omega": [
    0, 0, 0, 0
  ],
  "max_lambda": 1,
  "min_lambda": 1,
  "lambda_config_method": 1,
  "lambda_value_4_all": 0.050000,
  "lambda": 0.050000,
  "min_angle": -3.1416,
  "max_angle": 3.1416,
  "rotation": 6,
  "rotation_matrix": [
    [-3.3433e-15, -8.789e-10, 5.6513e-07, -1.5281e-05, 3.6973e-05, 0.00012592, 4.5646e-05, -9.6288e-06, -0.00050705, 0.007003, -0.0021441, -0.0046975, 0.053093, 0.020383, -0.051522, 0.08308, 0.069322, 0.14994, -0.40711, -0.092932, -0.19645, 0.11387, 0.14015, 0.020258, -0.56057, -0.26511, -0.43492, -0.05516, -0.36075, 0.083694],
    [1.8747e-13, -3.4339e-09, 2.208e-06, -7.5225e-05, 0.00034753, 0.0011299, -6.7959e-05, 0.0002888, 0.0043163, 0.015204, 0.0027055, -0.01427, -0.032319, -0.01518, -0.026945, 0.12828, 0.016144, -0.086256, -0.49615, 0.088896, -0.23595, -0.10803, 0.14732, 0.045822, 0.40852, -0.45318, 0.33407, -0.27903, 0.081581, 0.24452],
    [3.037e-13, 2.0679e-08, -1.3297e-05, 0.00039412, -0.0013206, -0.0043738, -0.00041644, -0.00055984, -0.015023, -0.032931, -0.020047, 0.027996, 0.087799, 0.043896, 0.076464, -0.069944, 0.03925, -0.022869, -0.018842, 0.19847, -0.0086551, -0.16885, -0.6693, 0.14962, 0.22195, -0.06568, -0.023163, 0.077679, -0.60979, 0.066049],
    [-5.8339e-13, -3.7867e-09, 2.4347e-06, -6.9488e-05, 0.00020611, 0.00067772, 1.9819e-05, 0.00011683, 0.0023941, 0.0052565, 0.0027412, -0.0047974, -0.0020692, -0.0017053, 0.02338, 0.038599, 0.052126, -0.16819, -0.28946, 0.17479, -0.24928, -0.46441, -0.13038, 0.22924, 0.037976, 0.24523, -0.41312, -0.059177, 0.3594, -0.37451],
    [1.2114e-11, 3.0905e-08, -1.9869e-05, 0.00046314, -0.00031183, -0.0010831, -0.00046494, 0.00028536, 0.0016603, 0.004143, 0.0017985, -0.0062042, -0.0079447, -0.0055945, -0.051335, 0.021101, -0.026813, 0.16416, 0.081414, -0.054365, 0.076777, 0.28553, 0.026026, -0.14323, 0.42605, 0.18627, -0.44963, -0.64734, -0.11499, -0.015372],
    [-4.6726e-11, -1.1533e-07, 7.4149e-05, -0.0016975, 0.00075716, 0.0027413, 0.0019883, -0.001552, -0.012754, -0.033467, -0.011046, 0.042171, 0.13023, 0.063611, 0.080708, -0.1921, 0.026599, 0.12039, 0.06032, 0.058039, -0.16117, -0.41058, 0.49926, -0.42925, 0.27062, 0.045737, -0.08889, 0.24927, -0.34804, -0.12493],
    [2.0006e-10, 6.2317e-07, -0.00040065, 0.0097691, -0.011975, -0.040649, -0.011206, 0.0028486, -0.043863, -0.099006, -0.076107, 0.023872, 0.0015848, 0.010497, -0.022176, 0.20863, -0.19571, 0.27193, -0.022394, 0.67057, 0.22761, -0.14142, -0.11023, -0.39055, -0.20022, -0.018032, -0.045073, -0.072751, 0.18846, 0.2315],
    [-1.9207e-10, -5.2147e-07, 0.00033526, -0.0080447, 0.0082891, 0.028124, 0.0073878, -0.0022248, 0.018108, 0.039078, 0.017767, 0.002276, 0.12397, 0.076335, 0.03764, -0.29563, 0.16205, -0.051837, -0.088966, -0.046348, -0.16583, -0.11729, 0.027093, 0.059196, -0.09229, 0.51643, 0.021061, -0.078938, 0.056197, 0.71922],
    [-1.512e-10, -4.7357e-07, 0.00030447, -0.007354, 0.0081786, 0.027829, 0.0080825, -0.0025367, 0.021912, 0.044418, 0.037894, 0.0051909, 0.010372, 0.012022, 0.031115, -0.22354, -0.019894, 0.042118, 0.10193, 0.081157, -0.29726, -0.10837, -0.06462, -0.13092, -0.36812, 0.11475, 0.4657, -0.5469, -0.14949, -0.34111],
    [4.3478e-11, 1.586e-07, -0.00010197, 0.0024329, -0.0023477, -0.0080948, -0.0031472, 0.0014682, -0.0016729, 0.017871, -0.018039, -0.034408, -0.1441, -0.05975, -0.0674, 0.35988, -0.099739, -0.024982, -0.43389, 0.12818, 0.049648, 0.26468, 0.12837, 0.012329, 0.062011, 0.57614, 0.25294, 0.16282, -0.28521, -0.1663],
    [1.3922e-10, 7.8283e-07, -0.00050333, 0.01209, -0.012658, -0.0429, -0.01044, 0.0027411, -0.035526, -0.056159, -0.027859, 0.0044046, -0.19441, -0.13802, 0.063533, 0.53978, -0.11211, -0.1815, 0.29341, -0.21571, 0.14078, -0.48405, 0.15933, 0.1697, -0.1173, 0.041322, 0.0013026, -0.22968, -0.22337, 0.189],
    [-4.5005e-11, 8.9447e-08, -5.7526e-05, 0.0012833, -0.00013073, -0.00041962, 0.00040092, 0.00010621, 0.013571, -0.033785, 0.074882, 0.030812, -0.35123, -0.20625, -0.016117, -0.010566, -0.50147, -0.14983, 0.21419, 0.086519, -0.62138, 0.187, -0.071171, -0.091851, 0.040437, -0.011472, -0.1366, 0.15063, -0.0023109, 0.14437],
    [2.7261e-10, 1.4178e-06, -0.00091156, 0.021948, -0.023569, -0.080796, -0.028522, 0.011339, -0.023535, -0.25052, -0.0094847, 0.031164, 0.013018, -0.040694, -0.30979, -0.40805, -0.24962, -0.48219, -0.032217, 0.29761, 0.30698, 0.031063, 0.2745, 0.24596, -0.059069, -0.054763, -0.064018, -0.10619, -0.15891, -0.014772],
    [5.9505e-09, 2.2233e-06, -0.0014281, 0.033946, -0.029158, -0.09646, -0.0039009, -0.0063222, -0.052547, -0.29518, 0.2334, 0.31793, -0.34026, -0.3754, 0.52927, -0.25851, 0.0019144, 0.20101, -0.21581, -0.083811, 0.20394, -0.031367, 0.0010414, 0.037742, -0.011836, 0.0075959, 0.0053773, -0.027133, 0.020811, -0.011384],
    [3.0507e-08, 1.1258e-05, -0.0072313, 0.17073, -0.13212, -0.45168, -0.093356, 0.036171, 0.19023, 0.0062565, 0.46488, -0.2159, -0.1974, -0.17914, -0.29728, 0.029882, 0.42396, -0.14542, 0.032353, 0.038714, -0.0090115, -0.02714, -0.089167, -0.25677, -0.01238, -0.008877, -0.01938, 0.025872, -0.019579, 0.01532],
    [5.7311e-09, 4.273e-07, -0.00027339, 0.0047493, 0.018536, 0.067569, 0.044697, -0.017036, 0.24481, 0.64635, 0.36839, -0.22158, -0.16759, 0.10625, 0.088691, -0.15315, -0.31285, 0.1972, -0.041066, 0.090347, 0.20314, -0.12454, 0.091668, 0.20429, 0.0096395, -0.035332, -0.033419, 0.00356, -0.055978, 0.021077],
    [-1.4094e-07, -1.213e-06, 0.0007435, -0.030024, 0.0035251, 0.043129, -0.069472, 0.066799, 0.33356, 0.023444, 0.016477, -0.10085, 0.20479, 0.097128, 0.40817, 0.048268, -0.20908, -0.53037, -0.18063, -0.18213, 0.14593, 0.046845, -0.14317, -0.44688, -0.06631, -0.015511, -0.058521, -0.046309, 0.025891, -0.0025317],
    [-5.3346e-07, 7.5098e-06, -0.0049682, 0.075505, -0.17004, -0.35166, -0.10424, 0.02652, 0.13974, -0.00041931, -0.61379, -0.23091, -0.4601, 0.25491, 0.0043709, -0.19991, -0.05947, 0.11232, -0.097402, -0.1536, 0.046925, -0.087241, -0.057111, -0.038855, -0.00038663, 0.0027784, 0.005451, -0.00093932, 0.0054367, -0.0012851],
    [1.8936e-06, -5.0248e-06, 0.0037072, -0.024946, 0.14026, 0.25206, 0.1616, -0.11397, -0.46298, 0.17964, 0.068314, 0.080857, -0.49068, 0.3559, 0.084017, -0.02379, 0.28298, -0.31506, 0.0032947, 0.09994, 0.067226, 0.051682, -0.0044261, -0.19685, -0.037653, -0.042598, -0.06328, -0.018263, -0.035168, 0.007842],
    [-5.4591e-06, 9.8869e-06, -0.0077159, 0.076702, -0.1804, -0.34414, 0.26589, -0.11477, -0.51281, 0.37198, -0.084749, 0.1153, 0.22288, -0.2762, -0.12933, -0.073538, -0.23704, -0.066303, -0.13921, -0.21739, 0.077165, -0.078399, -0.1237, -0.18149, -0.0115, 0.019574, 0.0089181, -0.0028013, 0.033359, -0.0015217],
    [-3.5049e-06, 2.0857e-06, -0.0022177, -0.037649, -0.1091, -0.076779, 0.042416, 0.010265, 0.08761, 0.35581, -0.35585, -0.059214, 0.058673, -0.40904, 0.36474, 0.020713, 0.34215, -0.17691, 0.16998, 0.37253, -0.067911, 0.18419, 0.17714, 0.12506, -0.012017, -0.047866, -0.051925, -0.015054, -0.057234, 0.0033748],
    [-8.3037e-06, -1.3598e-05, 0.006685, -0.22986, 0.11067, 0.4971, 0.11729, 0.049486, 0.19788, 0.059364, -0.19979, -0.075335, -0.19402, -0.49557, -0.36513, -0.13871, 0.082517, 0.015603, -0.11354, -0.139, 0.13851, -0.15822, -0.13001, -0.21517, -0.0084365, -0.0035072, -0.010666, 0.019609, -0.0061303, 0.013412],
    [0.0020565, 0.00079911, -0.0052911, -0.31721, -0.33294, -0.11245, 0.69207, 0.29934, 0.2705, -0.059395, 0.047232, 0.27882, -0.051749, 0.19525, -0.0448, 0.056783, 0.03544, -0.0082339, 0.030128, 0.028034, -0.020173, 0.01586, 0.016139, 0.025485, 0.0020094, -0.00026451, 0.0013053, -4.3821e-05, -0.0012986, -0.00055399],
    [0.024158, 0.0086548, 0.40874, -0.59002, -0.014192, -0.17664, -0.030007, -0.65926, 0.06722, -0.068651, 0.046825, -0.071678, 0.0035265, 0.018097, 0.011782, 0.0094636, 0.0036703, 0.00072944, 0.0041567, 0.0046929, -0.0033042, 0.0033153, 0.0025333, 0.0033011, 0.00025391, -5.3011e-05, 0.00015431, 6.7897e-06, -0.00019054, -6.2001e-05],
    [0.0087604, 0.0032124, 0.10072, -0.1665, -0.051929, -0.06967, -0.51975, 0.15423, 0.12856, 0.31541, -0.047141, 0.70395, -0.055014, 0.074644, -0.17571, 0.0283, 0.031279, -0.050802, -0.0024095, -0.012337, 0.014949, -0.013962, -0.020283, -0.044162, -0.003163, -3.275e-07, -0.0027288, 0.0015472, 0.00094988, 0.0017169],
    [0.019839, 0.0073004, 0.21165, -0.50075, 0.043644, -0.10395, -0.20598, 0.62448, -0.35814, -0.021192, 0.087542, -0.33331, 0.010229, -0.038131, 0.082825, -0.036085, -0.026776, 0.02618, -0.0092783, -0.0042568, 0.00028458, 8.2114e-05, 0.0041592, 0.013369, 0.00092415, 0.00010302, 0.00092321, -0.0007057, -5.5713e-05, -0.00064849],
    [0.032249, 0.012325, -0.091225, -0.01603, -0.8657, 0.36235, -0.23835, -0.096756, -0.13332, -0.048613, 0.091164, -0.11893, -0.0013416, 0.018897, 0.018896, 0.00026972, -0.0021155, 0.0021031, -0.0006393, 0.00028751, -6.837e-05, 0.00075933, -2.0077e-05, -0.00071122, -5.6996e-05, -1.2865e-05, -5.2624e-05, 2.7801e-05, 3.6053e-06, 3.1655e-05],
    [0.070906, 0.026317, -0.87553, -0.41279, 0.097043, -0.1382, -0.10097, -0.1294, -0.025644, 0.0022422, 0.02698, -0.020477, -0.0021754, 0.0066125, 0.0035417, -0.00080429, -0.00082088, 0.00068053, -0.00033494, -0.00011478, 9.0718e-05, 1.4182e-05, 7.4029e-07, 2.8274e-05, 2.2698e-06, 5.1331e-07, 2.0918e-06, -1.0957e-06, -1.4791e-07, -1.2539e-06],
    [0.93287, 0.34879, 0.053696, 0.059992, 0.023304, 0.0056021, 0.024414, 0.014803, 0.010636, 0.00091261, -0.0079408, 0.0073867, 0.00053412, -0.0019531, -0.0012428, 0.00018156, 0.00023804, -0.00020515, 9.2165e-05, 2.0402e-05, -1.9581e-05, -2.0103e-05, 2.1305e-07, 8.9693e-06, 7.2082e-07, 1.6354e-07, 6.6414e-07, -3.4755e-07, -4.6482e-08, -3.9822e-07],
    [-0.35019, 0.93668, 3.7594e-05, -0.00034136, 0.00024721, -0.00017257, -4.1645e-05, -0.00016273, 1.5412e-05, 3.2893e-06, 3.6807e-06, -5.0268e-07, -3.8765e-08, 1.1598e-07, 6.8654e-08, -1.2627e-08, -1.4671e-08, 1.2163e-08, -5.7342e-09, -1.6431e-09, 1.3976e-09, 7.0887e-10, -3.1629e-14, -4.7729e-14, -2.8543e-15, -6.4253e-16, -2.3393e-15, 1.3149e-15, 2.9695e-16, 1.574e-15]
  ],
  "min_con_prob": 1,
  "max_con_prob": 1,
  "connection_probability": 1,
  "p": [
    [0, -1.553, -1.0177, 1.0217, -1.5144, -1.8249, 1.334, 2.3907, 0.49288, 3.0064, 0.40754, 3.0142, 2.4855, -1.6458, 1.764, -2.9593, 1.3502, -1.8352, 1.2868, 1.9175, -2.5984, 2.2556, -1.5656, 1.6557, -2.7949, -0.6559, 2.3605, 0.99723, -1.661, -2.7838],
    [0, 0, -1.5026, -0.6947, 0.49571, 0.073453, -0.97119, 0.95437, -2.7011, 2.7379, -1.3516, 0.60493, -2.3704, -1.9193, 3.0569, -2.3753, 1.7886, 2.6811, 2.7843, -2.9307, -0.29937, 2.263, 0.025286, 1.2276, 2.3428, -0.95797, 1.2191, -3.0488, 2.7428, -1.5713],
    [0, 0, 0, -0.21497, -0.52996, -0.49616, -1.7012, 1.6806, 1.9293, -2.3291, -1.0568, 1.0333, 2.6492, 1.9406, -1.5987, 1.1398, -1.0387, 1.1808, 1.637, 0.88537, -2.7035, 2.7475, -0.9919, 0.4997, -2.0548, -2.4659, 1.5693, 1.5235, 0.74901, 0.077249],
    [0, 0, 0, 0, -0.26902, 0.23979, 2.6323, 2.4978, -1.8721, -0.19949, -2.2721, 1.0755, -2.4912, 0.73733, -0.20421, 1.9397, 2.3731, 1.2867, -0.67728, 0.39991, -0.0807, 1.7834, -2.0087, 1.6892, 0.24474, 0.29298, 0.14637, -0.49823, 2.2907, -0.77938],
    [0, 0, 0, 0, 0, 0.097565, -0.66549, -0.0095131, -1.7907, -1.2305, 3.0867, -1.9408, -1.9291, 1.8563, -0.62621, 2.0325, -1.5205, 0.55855, 1.6827, 2.6918, -3.0436, -0.42701, -0.1539, -0.82081, 3.0079, -1.4902, 2.9874, 0.2129, -2.3366, 0.79735],
    [0, 0, 0, 0, 0, 0, 1.9801, -0.49161, 2.3517, 2.4535, 2.3293, -1.6281, -0.29942, -1.4744, 0.36606, -0.42037, -2.6165, 0.74598, 2.1107, 2.6334, -2.2524, 1.7217, 2.5894, -0.82199, -2.0902, 2.6265, -2.1797, 1.8148, -0.36921, -0.79658],
    [0, 0, 0, 0, 0, 0, 0, 1.436, 1.9493, -2.2788, -1.6233, 0.0057259, 2.4024, -2.8452, 0.18388, 0.50536, 1.6297, -2.8526, -2.7553, -1.5778, 0.74725, 3.0383, 0.42689, 1.258, 0.6017, 2.2032, 2.864, 2.5484, 2.2466, -0.24936],
    [0, 0, 0, 0, 0, 0, 0, 0, 1.8043, -2.8402, -1.0528, -0.20768, -1.2093, 2.2208, 0.99291, 1.9325, 2.4824, -0.90376, -1.1904, -1.4733, 1.1068, -0.83408, 0.82241, -0.29969, 1.5794, 0.96515, 3.1139, 3.0591, 2.5019, -1.67],
    [0, 0, 0, 0, 0, 0, 0, 0, 0, 3, -2.1023, -1.1052, 0.98913, 1.6608, -0.02055, 2.8751, 2.6795, -2.6405, 1.5223, 0.98914, 0.65172, -2.9161, 0.30944, 1.9598, -2.6396, 2.3615, -2.648, 1.898, 2.3704, -1.2592],
    [0, 0, 0, 0, 0, 0, 0, 0, 0, 0, 0.081891, 1.3825, -1.012, -3.1133, 1.1648, 2.386, -0.79123, -1.0947, -1.5053, -1.368, -1.5647, 0.048638, -2.8587, -2.1701, -0.29702, 2.9463, -1.0249, -3.1256, 0.78836, -2.4172],
    [0, 0, 0, 0, 0, 0, 0, 0, 0, 0, 0, -1.4076, -3.0402, 1.2557, -1.1759, -0.70051, -0.99613, 1.323, 2.5794, -2.0369, -2.7257, -0.92677, 2.3164, 0.56458, 1.8336, 0.57043, 3.096, 0.62886, 1.6218, 1.7118],
    [0, 0, 0, 0, 0, 0, 0, 0, 0, 0, 0, 0, 0.78181, -1.6232, -1.7946, 2.8996, -1.5351, -2.6862, -1.6195, -2.0569, 1.1139, -2.0354, -2.3575, -0.79439, 1.3935, 3.0168, -0.46018, -1.3267, 1.1027, 1.8465],
    [0, 0, 0, 0, 0, 0, 0, 0, 0, 0, 0, 0, 0, -0.88169, 2.5584, -2.2805, -0.18352, 2.507, 1.8048, -2.9665, 1.686, 2.7288, 1.4854, -1.5892, 1.122, 0.30952, 2.0317, 1.3177, 2.1687, -2.8655],
    [0, 0, 0, 0, 0, 0, 0, 0, 0, 0, 0, 0, 0, 0, 0.36193, 2.5682, 2.9353, -0.9154, -0.63496, -0.2068, -2.3922, -2.39, -0.30312, -1.5436, 1.6757, -1.2969, -1.3313, -1.2218, 0.83219, -2.1302],
    [0, 0, 0, 0, 0, 0, 0, 0, 0, 0, 0, 0, 0, 0, 0, 0.1339, -0.0071254, -2.5775, 2.4376, -0.071862, 1.5052, 0.96925, 1.3212, 1.5315, 0.51587, -0.055061, 0.075991, 0.35102, -2.0616, 1.9029],
    [0, 0, 0, 0, 0, 0, 0, 0, 0, 0, 0, 0, 0, 0, 0, 0, -1.6394, -2.5103, -1.3312, -0.47933, 1.7165, -2.0814, 2.269, -1.0753, -0.78605, -0.59636, -0.21297, 2.6268, 0.94574, 2.5791],
    [0, 0, 0, 0, 0, 0, 0, 0, 0, 0, 0, 0, 0, 0, 0, 0, 0, -2.2181, 0.48, 3.0685, -2.4506, 1.8626, 1.2351, -1.7096, -0.33242, 0.62691, -1.0497, -1.5842, -0.28061, -0.8219],
    [0, 0, 0, 0, 0, 0, 0, 0, 0, 0, 0, 0, 0, 0, 0, 0, 0, 0, -3.045, 0.90186, -0.085015, -1.5199, 2.2236, 2.5469, -1.3796, -0.12128, 0.17016, -2.4389, -2.7718, 1.1015],
    [0, 0, 0, 0, 0, 0, 0, 0, 0, 0, 0, 0, 0, 0, 0, 0, 0, 0, 0, 0.39115, -3.1056, 1.2441, -0.081242, -0.52594, -1.01, -1.3402, -2.6357, 0.085079, 0.22533, -1.9478],
    [0, 0, 0, 0, 0, 0, 0, 0, 0, 0, 0, 0, 0, 0, 0, 0, 0, 0, 0, 0, 0.79113, 0.80358, -2.5648, 0.21612, 2.3887, 0.78658, -1.7518, 2.5995, -0.38144, 2.3325],
    [0, 0, 0, 0, 0, 0, 0, 0, 0, 0, 0, 0, 0, 0, 0, 0, 0, 0, 0, 0, 0, 1.3559, -0.76284, -0.80387, 0.22839, 1.9189, -1.0307, -2.0154, 2.3545, 2.0402],
    [0, 0, 0, 0, 0, 0, 0, 0, 0, 0, 0, 0, 0, 0, 0, 0, 0, 0, 0, 0, 0, 0, -1.9389, -1.6722, -2.6782, -2.6468, 2.946, -1.5339, 1.0099, -1.5707],
    [0, 0, 0, 0, 0, 0, 0, 0, 0, 0, 0, 0, 0, 0, 0, 0, 0, 0, 0, 0, 0, 0, 0, -2.4985, 1.0824, -0.47989, -0.37225, -2.928, -1.503, 0.58339],
    [0, 0, 0, 0, 0, 0, 0, 0, 0, 0, 0, 0, 0, 0, 0, 0, 0, 0, 0, 0, 0, 0, 0, 0, 1.4436, 0.91107, 2.8985, -3.045, -1.7796, 1.4813],
    [0, 0, 0, 0, 0, 0, 0, 0, 0, 0, 0, 0, 0, 0, 0, 0, 0, 0, 0, 0, 0, 0, 0, 0, 0, -3.0958, 0.46256, 0.26527, -2.5301, 2.4118],
    [0, 0, 0, 0, 0, 0, 0, 0, 0, 0, 0, 0, 0, 0, 0, 0, 0, 0, 0, 0, 0, 0, 0, 0, 0, 0, -2.8487, 2.2328, -0.19387, -0.20277],
    [0, 0, 0, 0, 0, 0, 0, 0, 0, 0, 0, 0, 0, 0, 0, 0, 0, 0, 0, 0, 0, 0, 0, 0, 0, 0, 0, -0.33601, -0.94374, -2.2957],
    [0, 0, 0, 0, 0, 0, 0, 0, 0, 0, 0, 0, 0, 0, 0, 0, 0, 0, 0, 0, 0, 0, 0, 0, 0, 0, 0, 0, 0.486, -2.4542],
    [0, 0, 0, 0, 0, 0, 0, 0, 0, 0, 0, 0, 0, 0, 0, 0, 0, 0, 0, 0, 0, 0, 0, 0, 0, 0, 0, 0, 0, 0.18647],
    [0, 0, 0, 0, 0, 0, 0, 0, 0, 0, 0, 0, 0, 0, 0, 0, 0, 0, 0, 0, 0, 0, 0, 0, 0, 0, 0, 0, 0, 0]
  ],
  "optimum_value": -186.86,
  "optimum_position": [
    -55.831, -10.17, 62.538, -54.437, -61.015,
    51.553, -70.708, -42.841, 15.193, 33.833,
    -10.727, -3.2127, -66.091, 17.606, -35.149,
    67.027, -41.885, 40.105, 32.823, -60.355,
    -46.604, -48.453, 45.493, 8.1842, 1.2776,
    38.812, 60.398, -68.793, -19.788, -25.316
  ],
  "fe_history": [],
  "fe": 0,
  "acceptance_reach_point": "Infinity",
  "best_found_result": "Infinity"
}